50
1815 1102
1276 197
3520 2703
2725 1827
3151 2254
507 496
3188 1075
2021 1609
2435 1094
2400 1248
3825 1958
3054 362
3815 2895
1244 719
3611 347
2667 788
2352 1847
3712 1004
3034 2234
3328 1934
2694 2323
3235 571
2624 1113
3054 478
2902 2504
3584 3059
3977 1917
3846 3120
2419 432
2262 1022
2740 2492
2487 2283
3065 2386
2054 1469
3774 2411
1752 1511
2410 1449
3000 482
3696 3431
2212 1772
1235 729
3251 599
2732 1680
2597 2097
2929 1524
3504 2286
1411 43
1522 338
3336 1912
2391 703
