200 1000
1 2 99
2 3 46
1 4 101
1 5 88
2 6 107
4 7 38
7 8 15
7 9 24
6 10 45
9 11 58
3 12 51
9 13 45
3 14 28
2 15 73
10 16 44
3 17 27
1 18 45
12 19 78
8 20 53
19 21 60
20 22 14
5 23 66
8 24 39
17 25 96
19 26 45
17 27 81
22 28 56
22 29 43
1 30 12
28 31 81
1 32 30
26 33 18
17 34 11
23 35 106
21 36 106
23 37 94
11 38 56
32 39 104
18 40 81
21 41 71
4 42 34
10 43 60
38 44 87
21 45 90
11 46 18
8 47 12
41 48 39
29 49 60
48 50 84
18 51 102
39 52 76
40 53 29
23 54 52
50 55 21
53 56 107
26 57 102
36 58 87
53 59 20
37 60 10
8 61 40
54 62 74
61 63 37
25 64 99
22 65 34
60 66 102
35 67 43
22 68 79
19 69 30
51 70 70
2 71 61
54 72 11
25 73 97
14 74 68
70 75 25
27 76 59
54 77 34
40 78 88
18 79 37
16 80 106
28 81 44
55 82 16
20 83 49
82 84 99
6 85 89
42 86 99
12 87 71
10 88 55
73 89 55
82 90 85
44 91 14
40 92 65
43 93 11
11 94 56
50 95 31
53 96 20
72 97 17
35 98 94
74 99 43
74 100 49
4 101 81
96 102 69
73 103 108
71 104 98
18 105 33
68 106 29
40 107 67
46 108 24
44 109 25
72 110 18
25 111 12
46 112 101
65 113 37
101 114 52
28 115 94
86 116 43
5 117 47
22 118 65
47 119 35
36 120 100
21 121 10
67 122 79
116 123 69
89 124 99
12 125 92
110 126 66
116 127 48
55 128 74
47 129 49
126 130 90
34 131 41
131 132 26
110 133 46
6 134 19
53 135 25
103 136 85
8 137 59
70 138 20
64 139 16
131 140 20
16 141 53
66 142 41
6 143 82
70 144 61
106 145 53
39 146 56
13 147 97
30 148 11
10 149 63
46 150 12
92 151 57
100 152 76
125 153 108
76 154 61
25 155 107
26 156 46
126 157 40
116 158 61
99 159 26
78 160 56
11 161 36
58 162 78
102 163 86
115 164 72
149 165 41
44 166 106
110 167 48
127 168 95
84 169 108
124 170 54
50 171 19
144 172 105
152 173 36
166 174 68
160 175 106
174 176 109
89 177 83
14 178 105
165 179 35
175 180 87
16 181 13
53 182 15
82 183 25
12 184 34
124 185 35
184 186 71
40 187 99
78 188 89
166 189 90
181 190 12
37 191 51
138 192 46
156 193 29
191 194 63
181 195 81
128 196 30
122 197 35
62 198 65
91 199 57
75 200 75
23 157 26
20 131 33
160 85 54
184 122 71
40 108 32
149 62 14
58 199 29
57 134 64
25 131 54
111 175 57
160 186 107
34 29 88
84 182 70
150 89 26
118 177 75
83 31 27
187 171 97
45 200 40
33 82 97
103 139 101
137 50 53
27 38 80
83 97 71
74 115 15
137 38 96
45 11 96
5 144 70
150 197 68
22 110 69
108 52 97
12 107 81
86 3 95
124 112 97
113 45 16
127 51 72
91 182 69
78 135 72
167 81 37
32 113 49
87 6 54
47 115 64
58 42 90
42 12 54
8 93 43
13 106 73
118 173 22
73 21 42
183 166 59
90 181 19
58 24 32
185 131 20
65 72 15
77 110 12
94 118 35
168 170 80
61 183 38
138 167 89
57 115 70
5 121 14
142 101 21
37 69 58
72 75 44
174 187 108
10 13 11
69 151 104
11 88 84
28 197 36
179 24 73
111 73 79
1 173 34
27 48 53
125 20 48
168 197 93
7 172 35
39 16 76
33 114 34
159 51 10
124 55 106
129 166 83
16 128 98
138 183 52
79 21 15
194 91 101
116 31 38
185 172 66
132 43 11
119 134 61
139 165 106
145 191 28
77 149 40
38 54 77
4 21 63
154 174 104
141 109 39
160 43 97
158 78 66
10 17 99
42 165 99
104 1 33
6 146 10
107 121 14
107 200 72
131 46 17
106 200 32
59 136 104
134 21 89
153 46 62
67 196 60
83 57 44
23 87 77
171 139 46
7 157 55
67 25 106
134 7 32
69 186 72
118 8 88
156 20 98
103 195 41
134 116 43
92 92 31
126 52 108
127 131 107
159 185 68
81 46 101
3 95 24
92 178 21
184 139 29
149 126 51
164 64 14
198 170 85
97 97 67
6 170 17
51 112 55
148 131 12
152 50 86
54 185 16
57 133 64
41 70 14
126 100 80
104 10 103
129 123 103
80 29 16
112 173 48
195 111 39
140 66 64
77 189 92
27 193 108
106 132 23
63 200 54
109 63 40
167 12 18
153 45 89
154 143 39
88 36 34
63 42 82
84 64 18
139 129 16
45 8 82
24 76 51
148 174 56
179 122 17
30 120 105
97 101 59
179 88 14
143 70 108
5 143 60
58 108 36
82 96 73
130 100 83
190 53 16
112 132 49
175 93 17
184 179 35
103 113 94
88 3 33
76 91 82
22 75 83
125 1 78
154 103 102
13 91 52
97 182 70
136 80 12
32 118 77
178 87 19
197 32 32
72 64 93
24 199 28
29 194 11
56 68 46
200 72 70
175 157 108
45 150 27
102 168 88
51 128 59
126 19 41
195 157 93
62 83 71
199 154 18
73 37 74
84 36 38
181 29 12
7 35 31
198 181 70
81 180 39
89 79 80
180 147 99
91 101 48
130 20 16
145 68 93
53 26 74
52 100 66
113 108 22
99 135 100
109 116 14
67 139 44
37 195 18
87 167 75
182 103 21
185 58 34
69 188 88
3 31 29
165 10 18
124 54 47
47 197 109
46 154 11
5 24 51
122 77 64
96 168 62
41 199 62
127 190 66
14 124 109
47 94 109
42 24 107
178 33 66
152 72 58
124 8 49
99 8 34
110 12 75
73 75 69
94 32 28
36 37 99
71 80 69
88 185 55
181 40 99
189 155 61
71 149 57
63 11 12
92 65 14
158 171 96
188 1 28
130 106 71
59 32 101
43 4 40
195 79 77
153 47 77
82 43 106
122 80 79
92 34 18
92 18 93
26 107 72
191 193 60
40 81 42
151 90 80
72 101 76
178 196 100
16 189 64
78 116 14
114 177 71
87 14 85
39 194 83
107 70 42
119 79 107
191 22 81
177 131 17
141 13 109
129 7 21
38 98 25
37 66 69
4 76 69
158 72 63
109 118 95
184 30 29
187 112 63
191 139 81
88 25 81
92 165 19
197 113 42
31 98 86
43 57 54
80 4 71
115 107 43
95 195 85
41 170 64
57 69 68
13 29 92
17 10 25
157 74 31
64 105 76
56 113 86
27 86 108
37 1 78
53 190 38
23 101 40
182 162 34
35 102 60
132 171 16
165 24 85
6 127 41
199 116 24
70 58 35
34 112 34
132 73 80
138 118 48
59 118 37
156 3 84
25 96 70
100 167 75
30 69 37
16 35 49
61 152 41
184 39 13
25 8 54
17 95 79
89 186 75
102 130 68
81 65 88
25 71 49
57 20 70
74 27 44
60 68 15
6 48 101
174 31 10
52 72 15
153 137 44
47 184 106
41 129 14
64 174 26
128 152 62
151 147 23
163 123 88
39 88 11
12 127 90
185 166 64
68 43 11
173 100 107
165 49 38
109 155 87
162 13 54
21 198 34
34 200 42
194 166 75
61 13 62
154 192 37
150 140 83
61 86 44
95 64 27
167 33 55
25 124 96
193 16 86
56 12 19
58 36 60
2 93 71
88 191 107
107 14 99
117 92 22
51 9 54
121 8 14
178 179 86
133 110 84
117 115 86
67 93 106
121 145 35
78 192 96
13 48 54
145 23 42
40 7 62
112 200 92
14 135 19
94 168 43
2 106 98
43 78 98
104 100 98
107 161 23
133 170 34
161 29 12
136 122 43
183 137 35
34 180 72
44 167 97
113 8 10
87 62 108
63 186 78
173 96 105
83 54 100
6 200 97
10 160 16
63 117 81
3 160 11
151 196 36
193 193 49
35 126 39
43 58 28
153 198 39
70 42 105
182 194 17
169 69 39
194 1 21
72 100 34
80 1 72
181 9 40
135 59 70
15 120 46
175 62 95
151 195 26
52 180 34
175 62 33
44 6 100
127 97 90
127 191 64
33 151 20
92 83 90
81 84 97
34 19 14
13 53 77
42 78 48
159 78 28
32 155 51
108 168 40
42 3 101
8 13 107
32 108 109
4 66 94
26 118 10
49 102 24
57 14 73
140 29 24
165 158 96
90 110 106
172 94 85
10 179 23
40 65 13
36 61 30
193 99 36
43 167 86
72 168 45
1 12 61
51 183 11
130 42 35
43 154 71
195 97 14
45 144 86
20 25 89
183 94 58
8 64 14
81 126 36
163 142 10
161 197 66
46 85 17
119 119 24
192 195 101
152 62 47
83 31 27
12 9 73
85 111 10
193 126 48
136 64 87
35 182 77
27 122 106
59 46 19
63 3 38
72 126 49
121 12 53
181 62 64
73 141 84
170 112 26
29 190 49
143 106 56
188 151 95
153 171 59
167 14 108
64 123 67
108 50 109
129 180 14
195 49 44
7 105 77
88 28 99
70 64 44
119 164 63
123 182 37
55 19 102
121 140 61
190 172 101
71 6 74
148 24 34
34 97 95
163 87 46
56 101 55
136 110 96
183 61 31
97 171 69
145 145 24
183 84 68
180 128 29
154 86 107
98 9 78
53 151 38
43 75 72
21 165 48
108 85 64
57 123 105
94 143 45
37 129 15
8 135 107
25 4 106
147 36 35
127 103 61
1 49 83
191 168 19
64 112 32
11 80 21
16 105 86
60 112 84
104 58 17
103 89 93
95 2 25
75 103 52
164 111 12
183 139 11
104 172 98
41 138 31
37 164 102
56 150 78
151 134 45
27 65 51
105 100 38
151 1 102
13 2 46
96 157 97
133 19 21
68 102 103
70 73 93
200 178 90
3 171 106
12 156 81
46 191 47
3 31 74
171 135 90
87 101 28
152 193 37
198 116 83
151 22 64
23 97 27
31 118 46
59 92 101
2 130 33
129 2 69
105 19 74
176 188 53
161 88 55
144 59 80
121 115 57
171 163 13
141 57 70
175 107 108
20 126 101
51 162 63
48 10 24
198 174 11
182 80 103
81 45 100
126 192 106
25 38 50
182 197 24
120 107 30
62 64 74
53 142 58
112 139 19
194 163 15
50 117 102
84 152 45
162 24 89
101 9 29
11 115 37
185 8 55
57 180 52
149 39 64
65 163 29
111 104 37
93 49 12
43 175 66
169 38 61
198 86 83
58 114 84
141 128 97
80 126 32
199 19 85
49 25 72
151 135 96
31 131 30
146 5 71
126 61 91
122 25 23
160 99 70
181 16 33
11 18 63
99 174 97
17 165 80
71 88 94
6 3 62
110 152 72
102 79 108
60 66 87
183 29 44
108 93 44
44 181 11
155 53 103
13 101 15
154 25 50
75 189 76
86 83 13
34 148 91
179 64 102
60 40 26
18 44 86
100 32 102
160 35 107
12 43 68
39 30 39
77 63 94
38 17 67
136 6 69
88 142 13
133 7 57
153 200 83
170 163 78
94 74 108
110 89 39
127 19 16
66 186 25
130 42 33
161 86 22
159 79 50
161 4 59
65 155 11
16 89 71
130 121 68
146 182 81
172 119 68
156 31 21
25 83 109
162 24 95
168 58 60
88 132 19
65 31 62
162 143 81
26 7 43
126 15 82
68 171 107
3 166 69
47 179 47
65 103 27
170 14 75
170 147 17
10 47 64
122 159 92
7 26 59
171 160 73
62 180 10
79 88 41
77 187 94
67 48 72
182 67 42
177 69 87
108 110 67
25 60 28
19 91 49
109 12 88
32 22 62
133 182 39
165 46 74
70 67 65
44 163 24
157 37 53
36 54 19
129 112 28
29 60 97
196 33 90
105 61 71
153 13 29
97 152 26
91 73 48
39 42 33
52 67 23
9 39 72
60 3 81
15 67 43
78 69 58
180 86 107
117 51 80
117 7 20
197 24 11
61 164 96
67 70 82
132 107 91
149 81 51
55 38 38
40 168 63
104 49 81
93 102 45
118 26 105
46 12 11
13 156 105
138 49 11
49 179 83
68 84 103
43 118 75
146 129 42
39 8 83
136 64 82
116 142 17
60 59 56
175 114 100
126 132 96
40 93 65
127 137 22
36 149 35
160 156 37
96 96 67
152 169 26
159 22 15
71 187 43
193 155 94
128 136 87
142 79 68
138 140 18
139 91 70
142 87 79
158 16 47
156 103 99
82 165 63
17 23 109
172 79 33
51 112 19
84 14 73
144 32 35
145 65 11
110 139 108
139 139 57
46 183 73
15 105 76
183 28 85
45 171 91
160 97 87
189 121 67
194 157 54
73 1 19
129 162 56
139 70 55
181 33 26
60 46 80
161 98 40
162 129 44
65 168 85
164 159 68
122 154 24
90 164 16
7 187 41
180 163 68
51 74 51
170 114 87
31 193 17
144 48 94
176 134 75
122 27 63
69 18 87
130 143 53
74 178 85
164 47 103
173 100 53
119 101 108
147 170 93
12 88 57
130 188 58
27 115 91
165 78 50
125 125 33
57 22 14
3 41 54
180 14 81
85 140 12
123 55 52
139 174 86
153 146 20
99 63 21
11 18 47
5 20 89
72 140 73
87 164 28
196 105 11
85 82 69
101 33 79
