100 37
1 60 7
1 21 10
1 25 2
1 9 6
1 81 10
1 98 6
1 86 10
1 31 6
1 56 10
1 38 1
1 69 1
1 68 5
1 18 8
1 32 2
1 47 9
1 55 5
1 72 1
1 65 5
1 15 2
1 62 6
1 64 1
1 93 1
2 3
1 97 1
1 8 7
1 92 1
2 7
1 48 2
1 71 5
1 70 1
1 67 9
2 5
1 87 2
2 7
1 59 8
2 3
2 7




1 43 5
1 41 7
2 5
1 90 3
1 83 8
2 4
1 7 1
1 66 4
1 45 1
1 34 7
2 3
2 7
2 7
1 33 9
1 77 1
1 52 4
1 49 7
2 3
1 14 1
2 2
2 1
1 29 7
2 10
1 96 2
1 85 1
2 4
1 26 6
1 30 9
1 17 9
2 4
1 54 1
2 4
