200
1 2 1
1 3 1
1 4 1
4 5 1
1 6 1
3 7 1
3 8 1
2 9 1
4 10 1
3 11 1
6 12 1
3 13 1
8 14 1
12 15 1
4 16 1
9 17 1
8 18 1
11 19 1
18 20 1
6 21 1
2 22 1
2 23 1
22 24 1
18 25 1
1 26 1
15 27 1
9 28 1
17 29 1
13 30 1
11 31 1
31 32 1
15 33 1
8 34 1
25 35 1
14 36 1
26 37 1
24 38 1
8 39 1
8 40 1
15 41 1
16 42 1
42 43 1
34 44 1
27 45 1
9 46 1
32 47 1
17 48 1
3 49 1
41 50 1
33 51 1
23 52 1
49 53 1
46 54 1
40 55 1
26 56 1
17 57 1
27 58 1
4 59 1
8 60 1
53 61 1
49 62 1
56 63 1
47 64 1
53 65 1
11 66 1
63 67 1
40 68 1
25 69 1
13 70 1
53 71 1
11 72 1
51 73 1
16 74 1
3 75 1
53 76 1
35 77 1
76 78 1
63 79 1
59 80 1
70 81 1
17 82 1
64 83 1
59 84 1
39 85 1
14 86 1
17 87 1
80 88 1
52 89 1
32 90 1
79 91 1
67 92 1
32 93 1
73 94 1
27 95 1
71 96 1
23 97 1
9 98 1
42 99 1
85 100 1
99 101 1
85 102 1
66 103 1
77 104 1
102 105 1
67 106 1
46 107 1
54 108 1
80 109 1
97 110 1
109 111 1
45 112 1
106 113 1
106 114 1
106 115 1
115 116 1
107 117 1
13 118 1
93 119 1
44 120 1
2 121 1
43 122 1
57 123 1
97 124 1
88 125 1
7 126 1
40 127 1
58 128 1
63 129 1
78 130 1
81 131 1
15 132 1
4 133 1
88 134 1
101 135 1
56 136 1
1 137 1
126 138 1
56 139 1
18 140 1
121 141 1
58 142 1
12 143 1
118 144 1
136 145 1
7 146 1
56 147 1
91 148 1
14 149 1
139 150 1
102 151 1
33 152 1
51 153 1
113 154 1
3 155 1
88 156 1
24 157 1
69 158 1
29 159 1
59 160 1
117 161 1
152 162 1
32 163 1
55 164 1
22 165 1
85 166 1
99 167 1
95 168 1
3 169 1
135 170 1
156 171 1
107 172 1
115 173 1
24 174 1
98 175 1
81 176 1
135 177 1
30 178 1
168 179 1
166 180 1
54 181 1
165 182 1
147 183 1
130 184 1
40 185 1
112 186 1
150 187 1
56 188 1
177 189 1
36 190 1
163 191 1
137 192 1
127 193 1
117 194 1
3 195 1
32 196 1
27 197 1
110 198 1
118 199 1
113 200 1
