100 100
26 85 6433
8 83 8664
61 59 4370
52 26 9935
61 72 223
59 25 2406
92 51 7982
1 96 8020
41 4 6590
25 36 2613
55 42 803
74 39 1665
82 2 9246
91 86 7543
4 88 828
59 40 1013
24 77 2960
34 22 9509
28 27 6969
82 58 1203
9 50 8677
48 99 5076
62 28 3026
26 47 9656
36 62 2344
95 24 7094
32 41 2539
100 55 7677
98 39 9305
15 15 9523
31 53 1384
48 33 5069
46 3 3132
27 49 456
89 1 7907
3 77 1368
71 20 6898
28 32 6625
22 98 491
71 99 8376
65 19 4071
22 53 4163
80 20 1024
70 86 8227
9 80 6412
91 95 4012
93 53 125
39 95 1218
33 14 1142
48 40 3789
89 53 8149
2 40 1920
96 12 7526
33 25 1912
80 33 9521
6 79 2278
32 47 6218
33 60 6246
51 5 2713
100 28 1445
37 69 1508
38 10 7548
23 39 1282
6 30 2598
38 41 3210
83 62 575
92 36 5959
73 44 926
10 73 3247
3 60 1268
90 54 3835
79 72 917
20 16 7680
59 77 9852
61 24 1230
8 75 3720
22 20 6305
24 95 6367
25 92 2462
68 48 7180
91 12 105
62 76 2951
8 91 8336
4 2 5942
63 85 2075
5 49 4480
64 93 6559
72 94 8216
92 55 5383
20 4 1247
64 27 7733
69 50 1534
58 81 1329
14 17 9759
74 49 7784
67 80 1752
71 5 9201
45 20 6419
9 48 1383
70 43 2906
68 89
