100 75
2 14 68
1 99
1 1
1 2
1 1
1 94
2 24 54
1 1
2 20 30
2 9 35
1 92
1 90
2 27 63
2 6 10
1 1
2 2 40
1 1
1 84
2 26 64
2 21 51
1 83
1 2
2 17 81
2 9 73
2 24 59
2 18 77
2 34 38
2 32 62
1 79
1 4
1 74
1 1
1 1
1 70
1 69
1 3
1 65
1 64
1 62
1 61
1 60
1 58
1 56
1 1
2 21 42
2 13 35
1 53
1 52
1 2
1 48
1 47
2 10 33
2 24 35
1 46
1 1
2 8 32
1 1
2 7 34
1 43
2 7 30
1 41
1 1
1 38
2 3 20
1 37
1 36
1 35
2 27 33
1 2
1 1
1 1
1 29
1 28
2 13 26
2 0 4

