10 1
1 1 3 4 5 1 6 2 6
10 8 1 4 1 8 4 10 5 10 8 10 8 9 2 8 4 5 3 8 4



5 7 5 6 2 7 3 10 6 6 1
5 7 10 8 1 3 3 10 5 8 2
6 2 7 3 3 9 3 7 6 6 5 1 10
0
4 3 1 7 7 6 10 4 8
9 8 9 7 8 8 6 7 10 1 10 7 10 6 1 6 9 4 3
4 10 7 4 3 9 3 5 6
8 4 4 10 9 2 7 7 4 4 2 1 7 2 2 5 6
0
2 1 8 1 8
5 4 7 1 10 1 10 4 7 6 10
6 10 10 8 9 7 1 7 5 3 9 4 6
1 9 4
4 9 3 9 5 5 6 3 9
10 3 8 6 6 9 6 3 10 7 10 4 3 4 8 9 4 7 9 2 7
10 8 1 4 1 8 4 10 5 10 8 10 8 9 2 8 4 5 3 8 4
7 2 5 4 9 9 5 5 1 10 8 6 9 10 10
4 8 5 1 3 8 8 9 6
6 7 9 1 6 1 4 3 6 10 5 3 3
0
4 8 1 3 3 9 8 3 1
