1000 3 14933
1 5745
1 2325
2 1724
1 9211
2 4897
6 5435
4 5808
4 3896
3 8985
9 8287
7 5310
6 666
10 4794
13 4245
8 4947
5 496
12 2668
5 3924
14 7806
20 665
7 6568
5 2550
9 965
13 8523
13 7389
9 1644
15 2654
11 5103
1 7372
30 9032
23 1606
31 1986
8 1611
18 9345
22 3037
27 2661
33 7894
18 1602
13 24
27 6958
30 1929
34 2363
12 7678
19 7829
26 5383
10 3198
13 1644
43 2905
39 998
29 8643
13 3233
42 536
37 6048
43 2485
4 4418
31 4010
42 2260
17 1139
56 2855
22 5783
36 851
10 7504
25 9532
1 1580
18 3411
26 6995
67 289
44 1130
7 7904
6 2984
6 8890
16 8759
29 6662
29 2093
72 6735
29 172
36 2728
51 2294
57 3054
24 9541
65 1132
16 1929
26 6645
18 19
30 8957
20 1539
51 1496
31 717
51 5880
41 8929
12 2881
52 939
18 1359
4 264
82 7770
9 9818
61 7833
9 8861
76 5285
19 8747
90 9935
91 6173
87 8069
27 3668
42 4817
104 6007
11 9234
6 9533
25 9551
72 4765
32 5321
11 9716
76 2416
84 2791
102 2505
112 3130
99 8495
32 4496
64 520
61 2899
96 841
34 7271
100 444
44 3370
116 9808
84 1503
79 5122
87 9739
80 7947
118 6607
19 682
81 7719
92 916
98 7538
7 4073
109 9668
36 7177
136 1784
73 8310
41 1370
42 3259
79 8532
124 2669
21 1895
26 8882
75 8316
70 7200
49 8571
110 4246
28 8684
150 1729
138 3965
148 7816
39 6499
21 4104
118 3956
127 6263
97 1797
12 6771
43 6927
38 2139
68 1047
150 5521
48 4942
153 1390
49 902
72 9798
93 2823
143 5374
64 7952
81 715
22 7522
84 6572
95 9593
96 1243
132 2620
173 4336
113 280
169 2423
4 360
114 4947
181 584
151 675
165 6473
132 2163
128 567
70 8806
98 9962
52 7171
64 8106
85 1518
6 4422
66 3480
21 9383
31 2457
50 2624
71 9981
79 937
52 4525
35 6653
138 192
96 3888
136 2353
34 677
168 6899
5 334
34 8034
122 357
41 44
192 1308
35 9024
189 9968
159 2949
203 3059
114 7598
31 3833
171 92
35 2579
183 5877
153 5035
102 2596
69 8239
24 4545
199 3345
89 8659
141 6894
212 3298
107 7662
144 2
166 5932
170 1149
160 7222
116 496
219 3655
7 9977
147 2675
166 9727
65 2291
175 882
166 1650
142 8117
241 4870
151 9770
196 4179
58 1452
26 5357
116 818
174 300
26 8659
245 9253
227 261
241 1975
233 6219
90 9155
38 7422
78 1199
64 2442
243 780
40 701
181 2263
216 2844
178 7789
33 1718
242 5283
92 4301
143 6629
189 3954
195 1741
219 4160
84 2310
159 2316
40 4961
189 4283
262 6360
266 9973
177 6162
38 5576
45 4806
98 7808
140 7587
163 4070
235 8159
33 3287
5 6126
100 8102
228 1430
39 2564
188 1872
175 8751
178 4626
247 3705
206 3323
146 6283
152 7566
189 3593
235 6899
17 1543
182 1338
269 6572
253 9714
235 3990
37 4697
223 175
129 2372
146 654
266 2017
41 9633
57 5467
178 8522
82 654
236 9655
64 7180
117 1687
67 8784
272 9897
54 3056
100 7463
298 9256
216 8772
303 101
208 657
32 7327
299 7734
317 3050
147 7247
15 2702
141 1588
211 2822
193 1934
302 5463
89 8199
210 6514
190 8322
84 9067
311 6987
143 1274
272 2959
278 4466
145 9599
291 8032
285 2641
56 2998
1 1064
43 8025
71 9413
299 1464
73 1421
94 3646
313 8829
328 5978
140 3996
41 2540
238 2080
87 2467
191 1828
234 8341
75 3512
125 5950
104 3065
16 4653
354 5411
335 1995
188 5588
141 6749
358 5410
285 4188
135 7824
68 2052
194 3309
80 2713
235 7102
204 3409
150 3901
204 1085
366 5889
3 4377
34 5376
358 151
199 35
231 5159
179 1417
262 3019
290 7038
169 3927
283 3325
86 1710
330 8644
321 4171
189 9239
74 7517
271 2840
212 7607
260 4453
161 1382
190 1874
70 8644
105 7129
250 2445
240 5215
384 2096
104 2968
388 6616
174 222
22 7532
77 1886
284 2244
46 6068
346 5181
91 249
301 718
346 7065
364 1244
303 2522
243 6491
23 313
304 8150
358 5543
224 1408
23 7220
219 1900
241 9435
422 2923
204 8271
126 516
365 8996
293 6616
167 6577
101 8502
149 1732
174 2604
262 2534
401 3488
366 8513
366 5182
394 1727
259 7187
72 8101
432 1257
295 5456
351 7459
51 6622
150 7116
442 225
254 1931
288 5823
168 7818
133 5390
316 2711
273 9038
50 7690
166 215
35 9272
12 3796
361 6840
176 1408
134 4132
330 1520
255 2610
298 2833
342 1779
116 1092
304 7051
311 1239
329 1923
192 8439
63 1036
137 9698
462 8309
246 9361
409 2686
413 8757
42 4621
264 706
187 6913
428 8074
182 8102
328 6923
193 7577
391 7451
207 8732
355 498
203 6907
326 2202
49 416
483 7331
165 324
318 7914
476 7287
271 6426
285 659
109 7395
190 5852
310 698
266 4554
370 7474
103 9481
106 7625
158 416
236 1366
231 450
239 1634
313 3010
338 9828
396 6458
395 2322
273 2366
495 5556
329 9788
271 6731
296 2727
100 5298
104 6484
169 4692
194 3492
40 3070
513 7539
379 4198
507 8048
77 1533
209 7966
147 1729
420 2907
483 3398
88 639
415 725
329 7495
373 8229
363 9091
340 9034
521 5948
510 4811
287 6778
347 40
486 629
394 604
436 6379
400 7679
426 1041
112 6768
474 7869
98 5313
50 3844
58 4114
424 9855
392 1075
138 2723
36 1860
96 7537
393 2175
37 8299
363 5161
524 7768
264 1829
37 5114
323 7594
100 7982
56 1126
466 4644
62 4114
326 64
424 4775
101 6640
258 2801
357 9614
98 7780
112 6488
556 2173
322 4174
434 6602
382 6892
339 1116
338 5146
225 1884
260 7888
137 2700
493 813
60 9951
371 4570
289 6763
113 2618
89 958
335 2981
202 3615
365 1910
22 7510
228 4961
139 3119
219 3336
235 6539
197 1152
444 4888
102 864
462 3346
315 2346
567 3417
381 2125
226 7205
195 3450
16 4775
102 3253
46 5298
465 5791
523 2698
587 2498
308 972
198 9900
467 9006
281 8783
164 9704
286 7080
476 1283
308 2447
385 17
564 5918
264 4254
253 1990
355 4869
340 974
193 2262
620 1310
269 5222
150 251
293 1159
29 803
464 9626
101 2076
557 3890
271 3863
377 4283
619 763
373 3963
481 640
202 3591
91 1688
10 9225
431 7189
288 9025
462 2375
189 9066
139 5732
176 3407
29 4685
29 845
581 6463
413 1818
347 9015
268 9126
370 3226
125 225
394 2532
101 9854
271 1822
576 9046
293 7094
328 2688
587 2810
284 3807
313 8452
389 5068
440 765
415 1366
17 8523
140 2744
162 2509
655 458
108 7689
143 3722
225 2867
467 8876
571 353
333 8063
516 8316
142 4979
118 8202
287 24
593 8794
377 1368
328 559
433 1128
318 2753
443 9674
200 3696
500 951
204 2250
71 6267
505 447
265 7313
270 1732
582 3537
532 7717
454 6952
378 9614
99 4423
45 3211
188 3902
481 8654
443 186
195 7745
566 9436
334 2333
590 1436
408 794
26 7566
322 1272
48 4724
190 2061
87 5940
143 9952
91 59
587 5222
206 6770
688 251
608 4001
420 3844
45 3153
67 2514
167 8758
103 2696
663 4796
648 4961
127 1777
496 2492
614 4852
599 6346
382 3037
314 4922
329 445
294 2481
354 7287
73 2192
718 2159
220 929
508 2305
3 4275
521 2757
295 1254
424 6562
14 7080
697 401
199 8530
317 1204
39 1293
554 1718
1 89
465 372
376 4270
408 8749
541 7220
376 4774
471 9841
358 8513
376 113
354 3406
435 1787
54 1538
239 513
552 3176
707 5672
203 7926
409 1017
726 3281
354 7751
442 6835
497 4225
542 9628
254 523
542 9670
274 3000
324 798
442 4923
753 8832
210 2271
176 8961
13 8978
692 2483
240 7481
232 1269
121 9888
702 8105
729 9058
88 8955
438 9800
257 2686
126 117
750 4152
91 5457
549 5089
388 8051
59 9960
110 21
365 6583
59 435
298 2681
562 7524
86 7560
308 333
53 9003
448 1810
428 6256
452 398
122 8582
468 9172
760 7503
354 5303
662 5572
451 1031
310 4730
13 6797
293 1091
542 3690
122 744
515 2635
734 4021
55 5807
383 693
395 4283
686 6128
220 2510
641 5506
264 5745
625 6590
261 2754
742 4739
755 7761
188 7005
168 8233
795 6511
334 2051
315 4112
328 632
204 1316
571 950
384 2989
353 1493
383 1840
13 2602
123 733
598 2124
667 4970
792 485
41 623
717 3354
756 7031
112 639
226 4613
322 5781
52 2293
94 8309
241 5061
322 5570
17 867
470 2298
539 5417
509 8429
184 9863
98 6402
539 767
247 7445
489 5015
517 261
690 5018
102 7566
812 32
793 5778
246 7936
564 5469
384 3651
86 5529
390 2218
114 6079
288 8866
473 2911
753 8727
257 178
566 6488
742 7678
605 8985
247 2954
452 5326
359 1507
376 5831
226 878
631 8406
218 1726
622 2409
757 9064
725 276
702 8918
79 8255
587 1881
306 8016
623 2226
472 5402
824 1267
476 3974
765 2385
716 960
421 5532
572 2822
566 1827
591 4189
837 2034
583 2933
129 2061
212 8957
340 769
505 2249
479 6441
139 1779
872 2479
543 2321
598 9571
189 1398
772 1057
496 8971
737 2734
448 9918
777 1987
519 6219
905 8717
233 5675
874 4644
279 6843
511 1594
358 5326
629 615
419 2789
72 7427
755 5982
542 6963
870 1163
879 5624
541 4421
19 3812
264 2832
495 3998
597 176
196 9192
442 1068
779 5999
92 5715
80 354
880 1116
283 4583
536 9410
807 5115
825 2560
794 4873
351 3913
661 9212
935 6011
586 56
192 8389
609 2454
885 6439
274 1166
957 1240
2 4266
101 814
792 5640
493 6073
600 9729
646 4097
647 1896
359 4306
350 549
280 5077
803 2242
876 3169
784 7589
82 6081
232 7344
903 5431
634 4501
451 1473
759 9470
11 60
706 2908
874 23
181 1310
277 3977
936 8069
681 7125
610 1878
888 7068
822 5647
817 8131
506 9053
725 3208
973 8333
526 463
463 913
804 2386
208 1878
171 5128
150 4772
168 7157
708 8837
214 2563
