10000
1 7927
2 8059
3 8
4 3006
5 2352
6 9771
7 3361
8 5868
9 6915
10 5291
11 5404
12 1215
13 324
14 9400
15 9825
16 5160
17 8012
18 3139
19 9409
20 2075
21 6526
22 5315
23 3010
24 2464
25 8037
26 3284
27 9898
28 924
29 2530
30 5188
31 5754
32 482
33 3822
34 2320
35 9815
36 9270
37 2430
38 9098
39 5515
40 8433
41 1538
42 8691
43 197
44 2573
45 7963
46 175
47 3415
48 3350
49 820
50 4317
51 831
52 1341
53 8765
54 6959
55 1843
56 4459
57 1336
58 9634
59 6827
60 5269
61 8014
62 244
63 8271
64 8709
65 4468
66 2450
67 2020
68 5692
69 1305
70 7086
71 5898
72 5316
73 2567
74 8045
75 9966
76 909
77 3292
78 8111
79 5113
80 4484
81 9343
82 4461
83 8733
84 598
85 4057
86 963
87 193
88 9058
89 5373
90 1444
91 3381
92 9859
93 2454
94 3642
95 4416
96 2154
97 2174
98 6887
99 6018
100 7163
101 7803
102 8974
103 2217
104 8248
105 7593
106 9262
107 9870
108 703
109 4428
110 9100
111 6564
112 3762
113 353
114 4952
115 2484
116 2303
117 1829
118 4996
119 1040
120 4111
121 2048
122 10000
123 2664
124 9565
125 5759
126 9183
127 7425
128 8392
129 7512
130 751
131 4576
132 6688
133 4145
134 4044
135 9399
136 4163
137 3405
138 7554
139 6440
140 6156
141 1415
142 2253
143 3769
144 2376
145 2628
146 1871
147 320
148 5906
149 257
150 8862
151 7816
152 1612
153 2621
154 6129
155 9099
156 8781
157 1985
158 1897
159 5926
160 2972
161 1916
162 9251
163 1963
164 1473
165 818
166 9234
167 669
168 2968
169 6077
170 503
171 1190
172 2696
173 4896
174 3772
175 9446
176 4852
177 3649
178 2886
179 9692
180 4424
181 5401
182 5487
183 2060
184 1134
185 3754
186 5009
187 5212
188 1453
189 889
190 2095
191 1491
192 7913
193 2741
194 2402
195 6692
196 6309
197 9569
198 2566
199 3433
200 147
201 9957
202 8092
203 746
204 943
205 2576
206 8258
207 6793
208 1691
209 4411
210 7416
211 7267
212 7118
213 7970
214 8200
215 1828
216 15
217 5948
218 7142
219 1206
220 1724
221 5921
222 643
223 2202
224 2701
225 1584
226 6313
227 3691
228 7180
229 9746
230 8499
231 2651
232 3544
233 8323
234 3808
235 4157
236 3490
237 7951
238 4917
239 2413
240 5971
241 3182
242 8002
243 130
244 537
245 332
246 6537
247 7943
248 2747
249 3271
250 2473
251 2036
252 4286
253 6738
254 1716
255 8171
256 1745
257 5017
258 1631
259 922
260 8255
261 1742
262 93
263 4882
264 1246
265 7368
266 1168
267 4943
268 8286
269 5121
270 2178
271 1681
272 2879
273 4512
274 2405
275 8785
276 4156
277 1809
278 2122
279 7604
280 7747
281 3407
282 7433
283 7279
284 276
285 4162
286 3830
287 9697
288 5753
289 4239
290 4790
291 327
292 7686
293 2998
294 2661
295 4670
296 3189
297 8554
298 9153
299 6543
300 8458
301 7918
302 4604
303 7960
304 4249
305 7590
306 1439
307 9938
308 1597
309 9379
310 6846
311 5350
312 7134
313 5460
314 4511
315 9378
316 8244
317 588
318 1381
319 8220
320 3408
321 3555
322 3883
323 9902
324 7905
325 8532
326 9719
327 9630
328 6253
329 4735
330 8971
331 1330
332 782
333 841
334 2014
335 2383
336 6499
337 4618
338 8634
339 91
340 9147
341 584
342 3944
343 1744
344 3905
345 801
346 5687
347 5685
348 4980
349 528
350 9097
351 1878
352 715
353 4628
354 6228
355 9835
356 7831
357 1668
358 1463
359 8386
360 8176
361 6508
362 3583
363 159
364 1435
365 3795
366 3707
367 1922
368 5741
369 4212
370 9551
371 654
372 9415
373 3956
374 7630
375 6712
376 4064
377 1053
378 6050
379 5964
380 1371
381 2192
382 1326
383 9651
384 3845
385 5088
386 2943
387 6917
388 2966
389 842
390 9946
391 5908
392 4806
393 8239
394 532
395 9209
396 7735
397 6589
398 4560
399 3353
400 6975
401 3629
402 3946
403 9405
404 785
405 1422
406 3061
407 1710
408 3935
409 8954
410 7229
411 9389
412 1621
413 1095
414 632
415 1545
416 755
417 2210
418 5227
419 5426
420 7984
421 1735
422 6866
423 7578
424 9421
425 3254
426 5246
427 7193
428 6237
429 6710
430 3794
431 875
432 6322
433 7293
434 2247
435 5927
436 3052
437 1649
438 659
439 5226
440 9974
441 8066
442 4695
443 9278
444 3554
445 8611
446 8366
447 7071
448 3233
449 2481
450 2997
451 8690
452 8668
453 3586
454 8987
455 9
456 2166
457 6714
458 6843
459 8043
460 5016
461 5236
462 3293
463 5601
464 6007
465 6046
466 5292
467 6721
468 4890
469 1823
470 474
471 4467
472 7245
473 4521
474 878
475 1376
476 5073
477 2258
478 9351
479 47
480 457
481 4687
482 8845
483 8396
484 8712
485 6822
486 713
487 2723
488 7060
489 587
490 6848
491 1211
492 6559
493 434
494 9878
495 3011
496 5434
497 745
498 3064
499 4541
500 230
501 6857
502 9781
503 1512
504 3816
505 2907
506 1404
507 5989
508 6965
509 677
510 3551
511 2353
512 9036
513 5551
514 1395
515 1839
516 7270
517 6015
518 4630
519 592
520 371
521 7152
522 9418
523 8384
524 6170
525 6131
526 6052
527 7738
528 3110
529 9456
530 1136
531 4610
532 6760
533 6745
534 5042
535 6186
536 4168
537 759
538 4992
539 9658
540 8080
541 6365
542 3545
543 1370
544 9479
545 7916
546 5427
547 7489
548 4894
549 9355
550 3534
551 8959
552 8182
553 7740
554 1236
555 3268
556 2531
557 9819
558 5256
559 6340
560 7041
561 4455
562 7280
563 3561
564 5959
565 9944
566 2261
567 2282
568 8826
569 4831
570 7055
571 1788
572 3
573 3329
574 3157
575 1205
576 1183
577 7807
578 2713
579 7599
580 4139
581 743
582 1968
583 517
584 2809
585 1323
586 8594
587 9619
588 7244
589 902
590 8399
591 1727
592 3009
593 8264
594 1426
595 4563
596 2641
597 9117
598 9991
599 4418
600 4986
601 4041
602 6749
603 635
604 9608
605 7552
606 7286
607 1112
608 2333
609 8564
610 225
611 1392
612 7720
613 4296
614 380
615 762
616 658
617 8069
618 6882
619 9338
620 9054
621 2209
622 1808
623 4205
624 186
625 9084
626 3652
627 3269
628 5040
629 7565
630 1067
631 9597
632 6856
633 510
634 4638
635 1918
636 2009
637 1249
638 1311
639 4218
640 6475
641 1483
642 9757
643 5353
644 7045
645 4305
646 214
647 5937
648 430
649 9486
650 3481
651 9144
652 8836
653 4942
654 6774
655 4351
656 2
657 2487
658 5514
659 9178
660 5462
661 2834
662 3875
663 8256
664 6697
665 208
666 3487
667 3255
668 1471
669 7351
670 2045
671 112
672 3820
673 590
674 2169
675 5219
676 5863
677 766
678 5176
679 540
680 9102
681 3969
682 2663
683 1775
684 1713
685 9023
686 7550
687 6002
688 1170
689 5824
690 3122
691 3654
692 9352
693 6248
694 9096
695 886
696 4592
697 306
698 5757
699 1055
700 8941
701 5334
702 7252
703 6074
704 2206
705 1831
706 9060
707 4322
708 786
709 1212
710 2773
711 9831
712 5201
713 8023
714 4851
715 5428
716 8010
717 3767
718 3070
719 7911
720 4378
721 391
722 1847
723 7070
724 2779
725 1946
726 3272
727 5510
728 8708
729 4349
730 3665
731 4772
732 7996
733 9475
734 3435
735 9030
736 352
737 3452
738 7776
739 691
740 8356
741 120
742 7812
743 1981
744 464
745 139
746 312
747 487
748 8172
749 2901
750 961
751 2230
752 9247
753 5422
754 6188
755 1912
756 6065
757 6647
758 5874
759 9596
760 8628
761 4180
762 5946
763 303
764 7730
765 7439
766 5465
767 8295
768 3204
769 4927
770 7888
771 520
772 6454
773 8038
774 8277
775 7317
776 1815
777 846
778 4863
779 3008
780 949
781 1970
782 7811
783 6094
784 705
785 4600
786 2593
787 5187
788 1318
789 3922
790 2345
791 2469
792 4409
793 6424
794 6490
795 1433
796 867
797 8175
798 4812
799 8150
800 8557
801 2313
802 6629
803 4543
804 7658
805 989
806 7881
807 1219
808 7466
809 4291
810 5516
811 6580
812 2619
813 6226
814 5053
815 2637
816 4227
817 5641
818 7668
819 8162
820 4007
821 5313
822 9525
823 9177
824 8824
825 6777
826 8531
827 5258
828 7710
829 4564
830 4916
831 4653
832 2824
833 6101
834 6120
835 4760
836 7653
837 7561
838 69
839 3738
840 6765
841 8108
842 8243
843 4295
844 5059
845 9945
846 2826
847 7501
848 3411
849 9711
850 8837
851 7531
852 1964
853 1405
854 3469
855 199
856 5665
857 8422
858 877
859 1489
860 5467
861 8667
862 996
863 5603
864 6119
865 3071
866 7758
867 810
868 4121
869 4187
870 9442
871 2767
872 6687
873 2964
874 1801
875 1039
876 1349
877 7934
878 2451
879 447
880 6979
881 8241
882 870
883 4431
884 6438
885 1377
886 7403
887 52
888 433
889 7461
890 2704
891 6794
892 6275
893 1337
894 8967
895 9417
896 7243
897 152
898 1261
899 5965
900 8164
901 3258
902 263
903 1877
904 4797
905 1043
906 4647
907 4400
908 6762
909 9628
910 8245
911 2787
912 4595
913 505
914 3057
915 5648
916 5378
917 5915
918 3849
919 4914
920 4274
921 9284
922 684
923 1557
924 793
925 5138
926 2079
927 5941
928 6272
929 8090
930 9180
931 2644
932 4504
933 9498
934 9881
935 6312
936 1951
937 6414
938 7521
939 5893
940 9693
941 3620
942 7456
943 3745
944 5610
945 2634
946 5942
947 2711
948 2993
949 6618
950 4410
951 393
952 4086
953 8086
954 7994
955 8654
956 9194
957 2868
958 1712
959 4481
960 6832
961 325
962 9748
963 6164
964 6525
965 1297
966 1523
967 9729
968 8592
969 3639
970 2513
971 3622
972 5305
973 5087
974 4881
975 2700
976 811
977 64
978 1344
979 1076
980 5379
981 7106
982 2875
983 6562
984 2289
985 8033
986 8761
987 7430
988 7771
989 6639
990 7887
991 5006
992 1079
993 7684
994 2069
995 8930
996 7691
997 9115
998 9205
999 2180
1000 6683
1001 8314
1002 2974
1003 4798
1004 3903
1005 1600
1006 7526
1007 8855
1008 9890
1009 3085
1010 4048
1011 7808
1012 9031
1013 7605
1014 8416
1015 1224
1016 5371
1017 1737
1018 634
1019 1629
1020 2829
1021 9276
1022 7528
1023 912
1024 2224
1025 8719
1026 2326
1027 5488
1028 192
1029 4893
1030 1752
1031 7276
1032 9758
1033 1432
1034 884
1035 3053
1036 775
1037 7218
1038 49
1039 6486
1040 8380
1041 84
1042 2164
1043 1932
1044 8870
1045 7903
1046 8483
1047 4518
1048 2916
1049 5154
1050 7073
1051 3977
1052 5788
1053 1071
1054 5870
1055 3552
1056 1550
1057 9698
1058 5440
1059 3719
1060 4704
1061 3103
1062 9868
1063 5729
1064 7155
1065 9024
1066 6815
1067 2987
1068 4565
1069 617
1070 3014
1071 6619
1072 6922
1073 1269
1074 6039
1075 5902
1076 543
1077 9982
1078 2270
1079 9495
1080 5990
1081 5816
1082 8334
1083 8779
1084 8604
1085 1797
1086 8658
1087 7942
1088 5439
1089 1448
1090 4528
1091 1546
1092 6230
1093 6303
1094 1800
1095 449
1096 4873
1097 6409
1098 2986
1099 4499
1100 1271
1101 5003
1102 919
1103 3661
1104 4354
1105 5394
1106 6214
1107 3028
1108 8424
1109 8251
1110 8246
1111 7680
1112 87
1113 318
1114 6203
1115 2710
1116 8382
1117 2870
1118 855
1119 135
1120 4314
1121 671
1122 367
1123 4993
1124 9585
1125 232
1126 3812
1127 6455
1128 8480
1129 6578
1130 6139
1131 740
1132 6547
1133 9523
1134 8394
1135 764
1136 729
1137 5075
1138 6369
1139 2822
1140 6579
1141 1485
1142 5340
1143 9376
1144 1977
1145 7884
1146 3091
1147 4129
1148 6157
1149 8097
1150 5004
1151 377
1152 8928
1153 5425
1154 8015
1155 9897
1156 5382
1157 7598
1158 7432
1159 1397
1160 8303
1161 4951
1162 8461
1163 4999
1164 7394
1165 3136
1166 7976
1167 5498
1168 5809
1169 6734
1170 8161
1171 8131
1172 3245
1173 4669
1174 3362
1175 8205
1176 9667
1177 493
1178 9537
1179 3183
1180 5507
1181 1992
1182 4785
1183 7018
1184 4049
1185 1037
1186 1298
1187 876
1188 9271
1189 9008
1190 9029
1191 5290
1192 6680
1193 9749
1194 2341
1195 4663
1196 9573
1197 8854
1198 499
1199 3992
1200 4444
1201 1102
1202 8490
1203 3188
1204 6128
1205 7247
1206 8744
1207 2083
1208 8470
1209 2981
1210 8614
1211 1525
1212 1988
1213 642
1214 9791
1215 1842
1216 3323
1217 7651
1218 9731
1219 4931
1220 6297
1221 7966
1222 4651
1223 3730
1224 3570
1225 709
1226 8723
1227 7819
1228 3372
1229 4337
1230 8387
1231 5978
1232 8304
1233 7138
1234 9885
1235 7505
1236 1314
1237 4341
1238 4642
1239 3115
1240 6233
1241 3026
1242 9340
1243 8488
1244 8291
1245 8574
1246 6055
1247 6859
1248 9586
1249 3080
1250 5294
1251 8300
1252 3265
1253 8888
1254 8672
1255 7147
1256 5616
1257 6640
1258 661
1259 8996
1260 6985
1261 9788
1262 4641
1263 4345
1264 6372
1265 6956
1266 1917
1267 2279
1268 8869
1269 3785
1270 9956
1271 9764
1272 9187
1273 8715
1274 33
1275 5575
1276 6068
1277 4
1278 3543
1279 6751
1280 4802
1281 5539
1282 6392
1283 285
1284 6472
1285 1638
1286 1687
1287 5020
1288 7944
1289 1541
1290 8952
1291 75
1292 2650
1293 2618
1294 1428
1295 1754
1296 9722
1297 1893
1298 4201
1299 1588
1300 7384
1301 8309
1302 5594
1303 5116
1304 3023
1305 2056
1306 1499
1307 126
1308 6978
1309 4799
1310 7392
1311 4309
1312 5320
1313 4551
1314 3580
1315 8145
1316 8234
1317 9496
1318 9361
1319 5054
1320 9273
1321 646
1322 6368
1323 3207
1324 8857
1325 3949
1326 8985
1327 3163
1328 1577
1329 4593
1330 8686
1331 1586
1332 9567
1333 3496
1334 3733
1335 8441
1336 4532
1337 4306
1338 6174
1339 9568
1340 7802
1341 2082
1342 2291
1343 7183
1344 2492
1345 422
1346 480
1347 8260
1348 8427
1349 8533
1350 6519
1351 162
1352 7124
1353 5813
1354 8880
1355 2620
1356 8625
1357 7087
1358 3140
1359 6701
1360 2396
1361 2596
1362 2716
1363 2044
1364 9785
1365 937
1366 2679
1367 4214
1368 838
1369 5065
1370 9580
1371 2194
1372 5435
1373 9320
1374 8525
1375 3473
1376 289
1377 407
1378 3173
1379 8543
1380 1161
1381 3793
1382 2342
1383 9243
1384 1306
1385 8063
1386 4055
1387 3244
1388 9553
1389 4503
1390 5120
1391 1245
1392 5386
1393 6522
1394 2490
1395 5784
1396 9869
1397 6902
1398 5204
1399 8454
1400 6021
1401 8107
1402 7500
1403 9643
1404 2113
1405 3987
1406 2249
1407 5245
1408 339
1409 189
1410 1984
1411 4774
1412 8270
1413 711
1414 4355
1415 469
1416 1575
1417 6047
1418 4035
1419 7457
1420 3246
1421 3821
1422 4024
1423 6969
1424 7386
1425 6826
1426 8804
1427 6971
1428 1565
1429 184
1430 2423
1431 5145
1432 3782
1433 6177
1434 8839
1435 6466
1436 9201
1437 7592
1438 7367
1439 5587
1440 2310
1441 1200
1442 3712
1443 6113
1444 8746
1445 5922
1446 1563
1447 4018
1448 5910
1449 5483
1450 4865
1451 569
1452 9072
1453 5299
1454 1492
1455 7221
1456 5287
1457 1607
1458 4976
1459 1570
1460 9607
1461 4556
1462 5310
1463 612
1464 7998
1465 8299
1466 2646
1467 4437
1468 5194
1469 5725
1470 1025
1471 5228
1472 2350
1473 2377
1474 3441
1475 8345
1476 7074
1477 4340
1478 1029
1479 8947
1480 1623
1481 4826
1482 1817
1483 3119
1484 2475
1485 1128
1486 8419
1487 5812
1488 9481
1489 9150
1490 8207
1491 5117
1492 2969
1493 446
1494 3542
1495 2068
1496 2200
1497 6095
1498 7476
1499 3796
1500 6606
1501 9539
1502 1830
1503 8093
1504 627
1505 5169
1506 5850
1507 9548
1508 1452
1509 3374
1510 4030
1511 267
1512 8986
1513 5023
1514 1020
1515 4692
1516 673
1517 6196
1518 9941
1519 2604
1520 4019
1521 3320
1522 1282
1523 917
1524 8729
1525 1734
1526 6245
1527 4069
1528 144
1529 9625
1530 5300
1531 9064
1532 9333
1533 9975
1534 5261
1535 3535
1536 9025
1537 1384
1538 9735
1539 3266
1540 5193
1541 2493
1542 5058
1543 8743
1544 6802
1545 1653
1546 300
1547 9277
1548 8494
1549 6938
1550 9817
1551 2884
1552 2521
1553 1580
1554 9244
1555 864
1556 6301
1557 6591
1558 108
1559 8352
1560 3241
1561 5132
1562 7783
1563 2881
1564 6154
1565 7373
1566 1267
1567 6502
1568 1765
1569 7558
1570 7150
1571 8647
1572 6814
1573 31
1574 7991
1575 4557
1576 2525
1577 9927
1578 6617
1579 4185
1580 1231
1581 3774
1582 8027
1583 4817
1584 1359
1585 6952
1586 6601
1587 2418
1588 1504
1589 2466
1590 5717
1591 8844
1592 2692
1593 765
1594 9168
1595 7345
1596 8955
1597 6199
1598 5684
1599 1730
1600 6584
1601 1042
1602 9673
1603 5602
1604 4191
1605 830
1606 6236
1607 5526
1608 4527
1609 1276
1610 9809
1611 2407
1612 2527
1613 4535
1614 2833
1615 2344
1616 2657
1617 8638
1618 3419
1619 6775
1620 172
1621 839
1622 6854
1623 6940
1624 5436
1625 1551
1626 9560
1627 7354
1628 4298
1629 2330
1630 7085
1631 9830
1632 7339
1633 8153
1634 7628
1635 3116
1636 4152
1637 2522
1638 4920
1639 9493
1640 7717
1641 2367
1642 8680
1643 3736
1644 3710
1645 2749
1646 7584
1647 3761
1648 6354
1649 419
1650 372
1651 8793
1652 6363
1653 9742
1654 5433
1655 3032
1656 381
1657 4838
1658 3700
1659 2675
1660 681
1661 2674
1662 9555
1663 6167
1664 4290
1665 403
1666 4166
1667 5152
1668 8102
1669 6798
1670 2482
1671 3398
1672 8165
1673 9926
1674 7314
1675 2589
1676 7160
1677 4490
1678 77
1679 5743
1680 6899
1681 5598
1682 4432
1683 3107
1684 3177
1685 7961
1686 5666
1687 3222
1688 4244
1689 5932
1690 2306
1691 6420
1692 6268
1693 7523
1694 3343
1695 4801
1696 931
1697 1325
1698 7570
1699 6501
1700 3045
1701 309
1702 9723
1703 8542
1704 6583
1705 7004
1706 40
1707 3947
1708 4614
1709 6720
1710 894
1711 1334
1712 1602
1713 1345
1714 7301
1715 6063
1716 1291
1717 525
1718 5463
1719 4662
1720 7995
1721 8370
1722 2666
1723 7181
1724 8848
1725 4677
1726 9532
1727 6533
1728 7982
1729 4321
1730 8417
1731 246
1732 2537
1733 6901
1734 8926
1735 4491
1736 5953
1737 8362
1738 9306
1739 2839
1740 9528
1741 3595
1742 3818
1743 5306
1744 8932
1745 3614
1746 5215
1747 7689
1748 2708
1749 8415
1750 604
1751 9653
1752 3186
1753 6355
1754 7714
1755 5012
1756 7259
1757 8522
1758 792
1759 6234
1760 5576
1761 781
1762 2578
1763 6432
1764 2005
1765 8739
1766 3036
1767 822
1768 3235
1769 4392
1770 4293
1771 4552
1772 9602
1773 3174
1774 663
1775 6998
1776 2729
1777 9833
1778 7232
1779 2187
1780 9918
1781 8669
1782 7140
1783 4036
1784 4492
1785 5995
1786 3087
1787 9468
1788 5229
1789 5158
1790 2039
1791 2882
1792 1313
1793 2659
1794 3541
1795 696
1796 3283
1797 7173
1798 1281
1799 7690
1800 3908
1801 6037
1802 4908
1803 5084
1804 6957
1805 3365
1806 7338
1807 5333
1808 665
1809 1299
1810 6544
1811 9373
1812 8737
1813 5797
1814 5956
1815 2201
1816 6259
1817 5399
1818 5844
1819 934
1820 3037
1821 8950
1822 7230
1823 7261
1824 9068
1825 217
1826 1052
1827 951
1828 95
1829 9403
1830 5588
1831 866
1832 9228
1833 2265
1834 3263
1835 6351
1836 4318
1837 8528
1838 234
1839 9652
1840 887
1841 7336
1842 5123
1843 3128
1844 71
1845 3007
1846 8964
1847 6813
1848 6992
1849 7285
1850 3957
1851 1867
1852 6262
1853 8598
1854 3536
1855 1696
1856 1220
1857 1846
1858 9128
1859 7965
1860 9828
1861 8479
1862 4833
1863 2913
1864 7284
1865 9414
1866 621
1867 3643
1868 4365
1869 1869
1870 3249
1871 2784
1872 9801
1873 4061
1874 7188
1875 7210
1876 2635
1877 2687
1878 3117
1879 7360
1880 5513
1881 3309
1882 1002
1883 5477
1884 5571
1885 9427
1886 8070
1887 3763
1888 7137
1889 8331
1890 9207
1891 4356
1892 3855
1893 9958
1894 5738
1895 9947
1896 7708
1897 9865
1898 9349
1899 7891
1900 3776
1901 5325
1902 6172
1903 6151
1904 6724
1905 1995
1906 5234
1907 1164
1908 6123
1909 5691
1910 1885
1911 6292
1912 6728
1913 1059
1914 3827
1915 5540
1916 8853
1917 6283
1918 4361
1919 4066
1920 6289
1921 212
1922 6569
1923 4841
1924 3476
1925 4977
1926 5781
1927 7556
1928 6042
1929 2821
1930 2288
1931 7790
1932 90
1933 4591
1934 2410
1935 7000
1936 5170
1937 9718
1938 2401
1939 7772
1940 9665
1941 2656
1942 2772
1943 9286
1944 1408
1945 8599
1946 6911
1947 4517
1948 1110
1949 105
1950 2480
1951 8139
1952 4315
1953 9086
1954 8085
1955 3042
1956 313
1957 2561
1958 5851
1959 7644
1960 3151
1961 4062
1962 8546
1963 2101
1964 8645
1965 6740
1966 5049
1967 5541
1968 5307
1969 904
1970 5837
1971 9797
1972 6160
1973 1177
1974 1643
1975 8001
1976 1590
1977 5430
1978 8792
1979 202
1980 5954
1981 2335
1982 7269
1983 9374
1984 8409
1985 3209
1986 1194
1987 9610
1988 1088
1989 8688
1990 1358
1991 5208
1992 8637
1993 8378
1994 7199
1995 6024
1996 8060
1997 264
1998 1803
1999 9663
2000 7103
2001 1232
2002 4215
2003 8850
2004 6665
2005 448
2006 441
2007 9241
2008 94
2009 2362
2010 1886
2011 4984
2012 774
2013 1634
2014 228
2015 5456
2016 1974
2017 8778
2018 5429
2019 1145
2020 9912
2021 3937
2022 2658
2023 1949
2024 5179
2025 2627
2026 8507
2027 7611
2028 3153
2029 2165
2030 8626
2031 2682
2032 4078
2033 9341
2034 5701
2035 483
2036 3757
2037 2888
2038 7962
2039 9258
2040 1266
2041 2223
2042 3976
2043 2457
2044 5840
2045 8560
2046 5337
2047 3426
2048 4808
2049 2801
2050 6121
2051 6427
2052 3813
2053 1910
2054 6838
2055 2992
2056 5165
2057 8846
2058 1669
2059 8520
2060 8633
2061 3485
2062 9336
2063 7239
2064 1150
2065 664
2066 7440
2067 8272
2068 8046
2069 3962
2070 6630
2071 6344
2072 1521
2073 8471
2074 1919
2075 6879
2076 5805
2077 8745
2078 9903
2079 9155
2080 1152
2081 6239
2082 8306
2083 7081
2084 9534
2085 7110
2086 7402
2087 455
2088 6908
2089 3825
2090 4004
2091 8485
2092 7643
2093 1627
2094 6016
2095 3832
2096 8975
2097 1300
2098 7190
2099 9738
2100 9772
2101 3709
2102 4686
2103 5281
2104 6659
2105 6706
2106 4722
2107 3930
2108 215
2109 7488
2110 2928
2111 8644
2112 4878
2113 5368
2114 5104
2115 8431
2116 2936
2117 4053
2118 6746
2119 4276
2120 8113
2121 6541
2122 4813
2123 4256
2124 6382
2125 8049
2126 8369
2127 6232
2128 8735
2129 7159
2130 5831
2131 4508
2132 2155
2133 6955
2134 6855
2135 2963
2136 347
2137 2002
2138 2100
2139 8612
2140 6433
2141 6500
2142 2433
2143 5044
2144 3810
2145 3847
2146 8075
2147 9756
2148 8808
2149 5609
2150 3865
2151 7825
2152 5155
2153 4948
2154 6936
2155 1718
2156 8918
2157 9229
2158 8671
2159 3104
2160 4673
2161 8873
2162 1157
2163 8903
2164 3038
2165 3050
2166 1733
2167 2591
2168 7139
2169 131
2170 6216
2171 9637
2172 6624
2173 1251
2174 9218
2175 3442
2176 9744
2177 1064
2178 4453
2179 6792
2180 2220
2181 7672
2182 9879
2183 9263
2184 7983
2185 8216
2186 9979
2187 6883
2188 4934
2189 5752
2190 6117
2191 7274
2192 6190
2193 1772
2194 752
2195 9705
2196 6396
2197 5005
2198 2305
2199 9793
2200 3695
2201 8324
2202 6893
2203 7467
2204 3966
2205 5472
2206 1073
2207 2251
2208 892
2209 2602
2210 4339
2211 288
2212 1353
2213 3647
2214 7640
2215 4229
2216 9186
2217 4013
2218 9776
2219 2905
2220 3075
2221 6776
2222 8591
2223 4231
2224 1960
2225 7419
2226 6189
2227 5786
2228 780
2229 4607
2230 6885
2231 1722
2232 5360
2233 9438
2234 7417
2235 1024
2236 7902
2237 2356
2238 60
2239 758
2240 1030
2241 9090
2242 8077
2243 5817
2244 355
2245 9453
2246 9076
2247 944
2248 8209
2249 1097
2250 354
2251 4855
2252 6168
2253 8423
2254 8186
2255 7759
2256 5262
2257 2783
2258 4822
2259 7516
2260 4652
2261 3725
2262 9992
2263 6888
2264 1972
2265 492
2266 1884
2267 3395
2268 4634
2269 5556
2270 4536
2271 4589
2272 1356
2273 3964
2274 4571
2275 3572
2276 6869
2277 5650
2278 2745
2279 3347
2280 6858
2281 8372
2282 6020
2283 9499
2284 3890
2285 4891
2286 8457
2287 6588
2288 4370
2289 3913
2290 7660
2291 2317
2292 9459
2293 166
2294 3409
2295 2938
2296 4937
2297 4313
2298 6534
2299 2937
2300 6469
2301 7112
2302 8203
2303 1017
2304 4093
2305 9009
2306 7448
2307 824
2308 2648
2309 3389
2310 9895
2311 1811
2312 459
2313 5901
2314 5731
2315 9572
2316 8223
2317 4770
2318 5455
2319 932
2320 2994
2321 3718
2322 2519
2323 4776
2324 5877
2325 6604
2326 942
2327 6125
2328 2283
2329 3169
2330 3475
2331 8586
2332 1915
2333 5060
2334 8828
2335 2236
2336 6524
2337 6769
2338 9854
2339 8213
2340 3238
2341 869
2342 4611
2343 5505
2344 3840
2345 7631
2346 1087
2347 8547
2348 1937
2349 1390
2350 3589
2351 4649
2352 4117
2353 2667
2354 828
2355 504
2356 4876
2357 9794
2358 5356
2359 5150
2360 2128
2361 5985
2362 1876
2363 1361
2364 5416
2365 7723
2366 3423
2367 7882
2368 2919
2369 4689
2370 4516
2371 5481
2372 224
2373 9834
2374 6251
2375 9807
2376 1899
2377 8114
2378 6837
2379 5960
2380 1335
2381 9015
2382 330
2383 3868
2384 428
2385 9540
2386 3682
2387 7319
2388 5756
2389 806
2390 2508
2391 3456
2392 1225
2393 813
2394 7830
2395 6307
2396 514
2397 1639
2398 8541
2399 5747
2400 2891
2401 4220
2402 4471
2403 8635
2404 163
2405 8517
2406 3701
2407 1771
2408 7779
2409 6951
2410 5543
2411 7617
2412 1978
2413 9000
2414 253
2415 266
2416 1999
2417 8807
2418 3952
2419 773
2420 3746
2421 5993
2422 233
2423 4538
2424 8429
2425 8885
2426 513
2427 9862
2428 1287
2429 417
2430 8106
2431 8861
2432 4783
2433 5327
2434 7196
2435 3610
2436 4472
2437 594
2438 5374
2439 3386
2440 2794
2441 9867
2442 9261
2443 3277
2444 6598
2445 1684
2446 326
2447 2049
2448 8129
2449 3923
2450 243
2451 1347
2452 5264
2453 3166
2454 9055
2455 666
2456 1173
2457 9654
2458 437
2459 4784
2460 2446
2461 8308
2462 3170
2463 8377
2464 5332
2465 3982
2466 586
2467 4990
2468 5421
2469 2380
2470 81
2471 8766
2472 5351
2473 4656
2474 4106
2475 9406
2476 9563
2477 7051
2478 295
2479 8736
2480 1834
2481 903
2482 7040
2483 2607
2484 7162
2485 732
2486 1399
2487 8632
2488 45
2489 608
2490 2131
2491 3529
2492 4307
2493 3063
2494 1262
2495 1921
2496 5536
2497 1895
2498 8360
2499 44
2500 7036
2501 5007
2502 4241
2503 5493
2504 6148
2505 735
2506 2908
2507 7167
2508 2954
2509 6278
2510 574
2511 2055
2512 2739
2513 410
2514 8759
2515 2023
2516 4646
2517 5192
2518 3666
2519 5447
2520 5051
2521 7365
2522 3390
2523 4559
2524 1172
2525 8760
2526 3831
2527 7444
2528 2652
2529 4071
2530 7434
2531 6758
2532 4824
2533 4818
2534 5560
2535 2915
2536 3220
2537 3679
2538 8883
2539 5720
2540 652
2541 3311
2542 259
2543 2699
2544 9950
2545 9368
2546 7131
2547 4056
2548 3101
2549 1443
2550 465
2551 3228
2552 4075
2553 5255
2554 8750
2555 7576
2556 6269
2557 3324
2558 8344
2559 9689
2560 4850
2561 4764
2562 8147
2563 722
2564 4846
2565 4103
2566 209
2567 7577
2568 1507
2569 1115
2570 1031
2571 6395
2572 8152
2573 4672
2574 8459
2575 1911
2576 3219
2577 4427
2578 2456
2579 1751
2580 2365
2581 1045
2582 5911
2583 5949
2584 2550
2585 9837
2586 3729
2587 6060
2588 6803
2589 7296
2590 3998
2591 3229
2592 3069
2593 5810
2594 860
2595 7930
2596 6132
2597 5708
2598 5977
2599 1924
2600 7904
2601 4328
2602 2816
2603 5156
2604 686
2605 6162
2606 5047
2607 4338
2608 7251
2609 3081
2610 9661
2611 8898
2612 9780
2613 9133
2614 1465
2615 3726
2616 7564
2617 4429
2618 4928
2619 1244
2620 2785
2621 1457
2622 9820
2623 1201
2624 744
2625 6554
2626 4421
2627 1966
2628 9920
2629 4953
2630 1216
2631 6483
2632 7659
2633 5652
2634 4758
2635 871
2636 3907
2637 7567
2638 5976
2639 2296
2640 516
2641 56
2642 7089
2643 577
2644 3815
2645 975
2646 2896
2647 7186
2648 2754
2649 3264
2650 3259
2651 7014
2652 5372
2653 97
2654 9305
2655 427
2656 7642
2657 8819
2658 5883
2659 7295
2660 9075
2661 4363
2662 3925
2663 6735
2664 9053
2665 5002
2666 6797
2667 4225
2668 710
2669 7088
2670 9119
2671 3781
2672 6220
2673 8643
2674 3120
2675 9515
2676 9804
2677 6878
2678 4366
2679 6044
2680 9350
2681 4094
2682 565
2683 9480
2684 8916
2685 8348
2686 7133
2687 8022
2688 9275
2689 9913
2690 7102
2691 1181
2692 9934
2693 5324
2694 2111
2695 4331
2696 4567
2697 1197
2698 4676
2699 5048
2700 9751
2701 2653
2702 4173
2703 3792
2704 6555
2705 1447
2706 3965
2707 1427
2708 1294
2709 1685
2710 1468
2711 8706
2712 8871
2713 8833
2714 7549
2715 5112
2716 8052
2717 3018
2718 7871
2719 16
2720 7495
2721 7626
2722 5473
2723 7524
2724 5667
2725 1942
2726 5149
2727 5442
2728 9236
2729 1609
2730 7664
2731 7107
2732 3724
2733 4360
2734 7200
2735 2910
2736 2788
2737 4133
2738 338
2739 9792
2740 8224
2741 6347
2742 4011
2743 8383
2744 9437
2745 9824
2746 7217
2747 7048
2748 3427
2749 3911
2750 7815
2751 4719
2752 1449
2753 1914
2754 6437
2755 1679
2756 9210
2757 490
2758 1066
2759 3599
2760 5076
2761 9246
2762 916
2763 8466
2764 2865
2765 6394
2766 1156
2767 9536
2768 3351
2769 3420
2770 7518
2771 9249
2772 8426
2773 3164
2774 5443
2775 2571
2776 5173
2777 1786
2778 5794
2779 1396
2780 3876
2781 4237
2782 6548
2783 3397
2784 2145
2785 8544
2786 3588
2787 2240
2788 3569
2789 1317
2790 6628
2791 2717
2792 5286
2793 1578
2794 3240
2795 7254
2796 5645
2797 3856
2798 450
2799 362
2800 3636
2801 360
2802 4032
2803 3521
2804 1474
2805 8797
2806 7313
2807 2718
2808 4554
2809 6183
2810 8622
2811 5733
2812 9728
2813 453
2814 1599
2815 3750
2816 865
2817 173
2818 1342
2819 9253
2820 5063
2821 1289
2822 6217
2823 2370
2824 4991
2825 9543
2826 1667
2827 6903
2828 7804
2829 1858
2830 8730
2831 5082
2832 7263
2833 9308
2834 2862
2835 8263
2836 7621
2837 5279
2838 1180
2839 6412
2840 8413
2841 6085
2842 4213
2843 8235
2844 9061
2845 7148
2846 5200
2847 8126
2848 6907
2849 2668
2850 1132
2851 647
2852 5189
2853 8225
2854 6596
2855 5321
2856 2256
2857 9145
2858 5774
2859 8908
2860 3399
2861 4222
2862 3939
2863 5589
2864 5618
2865 5707
2866 7920
2867 4039
2868 8902
2869 4690
2870 3190
2871 6829
2872 9683
2873 9942
2874 463
2875 5975
2876 4605
2877 5988
2878 3195
2879 4397
2880 4548
2881 1479
2882 6263
2883 1160
2884 1310
2885 7746
2886 176
2887 5869
2888 5693
2889 2694
2890 5312
2891 8361
2892 4347
2893 5676
2894 8128
2895 4194
2896 2610
2897 2781
2898 5085
2899 3919
2900 2844
2901 3356
2902 6561
2903 9063
2904 1542
2905 5675
2906 7091
2907 3974
2908 5682
2909 2269
2910 2458
2911 9208
2912 3171
2913 237
2914 8606
2915 7362
2916 3532
2917 1324
2918 8700
2919 5461
2920 997
2921 5897
2922 7568
2923 2033
2924 4832
2925 8697
2926 3958
2927 5711
2928 1203
2929 700
2930 7613
2931 182
2932 2980
2933 9853
2934 8716
2935 7149
2936 6386
2937 9873
2938 8025
2939 3735
2940 611
2941 5887
2942 5062
2943 6492
2944 1263
2945 5980
2946 1753
2947 2625
2948 5311
2949 5686
2950 6779
2951 6927
2952 1613
2953 9861
2954 7098
2955 6964
2956 6521
2957 4714
2958 6057
2959 8282
2960 1930
2961 2917
2962 6788
2963 9915
2964 1280
2965 7212
2966 2226
2967 6634
2968 3440
2969 9221
2970 9887
2971 9033
2972 1605
2973 7328
2974 3027
2975 8136
2976 3584
2977 9040
2978 742
2979 6333
2980 5803
2981 8351
2982 6576
2983 9296
2984 1226
2985 5867
2986 5522
2987 5107
2988 567
2989 7117
2990 2028
2991 2011
2992 1819
2993 2391
2994 7005
2995 7082
2996 3809
2997 9410
2998 3972
2999 2872
3000 4147
3001 908
3002 2768
3003 3940
3004 1826
3005 6011
3006 8434
3007 4835
3008 2564
3009 6582
3010 4065
3011 7600
3012 861
3013 7877
3014 7572
3015 6477
3016 770
3017 5122
3018 5001
3019 8104
3020 4294
3021 990
3022 1049
3023 7580
3024 7656
3025 6376
3026 6860
3027 9530
3028 6254
3029 8676
3030 4478
3031 6281
3032 8030
3033 5688
3034 7702
3035 7817
3036 2246
3037 5102
3038 5503
3039 9893
3040 8463
3041 9474
3042 3084
3043 27
3044 956
3045 3148
3046 7797
3047 1092
3048 5934
3049 8388
3050 1406
3051 3938
3052 7575
3053 4144
3054 3798
3055 3388
3056 1450
3057 12
3058 1466
3059 6380
3060 8122
3061 9223
3062 3973
3063 8608
3064 1776
3065 3299
3066 2263
3067 3491
3068 4972
3069 1614
3070 9012
3071 4685
3072 5387
3073 6360
3074 9335
3075 6873
3076 129
3077 388
3078 6208
3079 5680
3080 9598
3081 1784
3082 725
3083 5238
3084 1663
3085 8661
3086 7880
3087 750
3088 4570
3089 3035
3090 5437
3091 6909
3092 3376
3093 9538
3094 7573
3095 9741
3096 8847
3097 2795
3098 2274
3099 7968
3100 9725
3101 7408
3102 4657
3103 8330
3104 1098
3105 9485
3106 4594
3107 518
3108 6919
3109 3428
3110 599
3111 5518
3112 9154
3113 5231
3114 7623
3115 3333
3116 3848
3117 7662
3118 7397
3119 7636
3120 2441
3121 6108
3122 2738
3123 5694
3124 5153
3125 3363
3126 974
3127 1729
3128 1738
3129 1603
3130 549
3131 3317
3132 4042
3133 2495
3134 5224
3135 2115
3136 435
3137 3650
3138 8188
3139 8442
3140 284
3141 452
3142 4235
3143 2819
3144 3777
3145 1777
3146 124
3147 4836
3148 2088
3149 57
3150 2351
3151 6296
3152 3681
3153 9334
3154 1791
3155 1446
3156 6743
3157 1887
3158 2957
3159 5495
3160 2302
3161 7114
3162 5992
3163 109
3164 5185
3165 9644
3166 342
3167 8448
3168 3346
3169 5607
3170 4439
3171 5092
3172 1035
3173 9319
3174 7949
3175 2038
3176 5606
3177 6736
3178 1674
3179 2412
3180 3276
3181 8440
3182 9272
3183 3455
3184 2921
3185 2142
3186 8698
3187 993
3188 2616
3189 9165
3190 2394
3191 8695
3192 4967
3193 1998
3194 4364
3195 2889
3196 3884
3197 7853
3198 7422
3199 8636
3200 5545
3201 3975
3202 7878
3203 9195
3204 9773
3205 8842
3206 2541
3207 9664
3208 1747
3209 5907
3210 9095
3211 1540
3212 6906
3213 5240
3214 891
3215 1208
3216 8843
3217 1065
3218 7534
3219 8670
3220 3470
3221 4737
3222 3802
3223 252
3224 5561
3225 9933
3226 292
3227 7729
3228 6763
3229 6098
3230 6116
3231 5278
3232 5137
3233 4849
3234 9052
3235 8500
3236 5072
3237 395
3238 6061
3239 8335
3240 748
3241 5640
3242 2447
3243 4047
3244 3803
3245 6972
3246 6698
3247 5110
3248 5361
3249 2316
3250 1339
3251 1054
3252 9561
3253 6300
3254 5141
3255 8053
3256 1527
3257 9461
3258 6001
3259 7788
3260 2081
3261 8988
3262 3445
3263 8193
3264 5098
3265 3834
3266 2897
3267 5950
3268 1138
3269 797
3270 3492
3271 1824
3272 3721
3273 1122
3274 2103
3275 4583
3276 9250
3277 2052
3278 5782
3279 2421
3280 5801
3281 5453
3282 5284
3283 8510
3284 723
3285 6014
3286 9172
3287 6968
3288 7337
3289 7213
3290 8970
3291 9943
3292 2268
3293 9967
3294 8475
3295 5573
3296 2126
3297 3797
3298 6267
3299 8333
3300 1006
3301 7116
3302 363
3303 1508
3304 7363
3305 8545
3306 7104
3307 8275
3308 8285
3309 8230
3310 7744
3311 3314
3312 8332
3313 9671
3314 4940
3315 527
3316 4906
3317 1983
3318 4853
3319 6134
3320 511
3321 8917
3322 4125
3323 9829
3324 6577
3325 5679
3326 4188
3327 1928
3328 5783
3329 3519
3330 2248
3331 39
3332 8731
3333 5633
3334 3753
3335 7665
3336 1383
3337 2387
3338 8032
3339 4281
3340 4859
3341 4475
3342 9026
3343 9811
3344 7947
3345 1798
3346 4995
3347 6006
3348 5398
3349 9805
3350 1875
3351 1133
3352 5081
3353 251
3354 8072
3355 1740
3356 8390
3357 7436
3358 1703
3359 3626
3360 5880
3361 1365
3362 1553
3363 6664
3364 2823
3365 8343
3366 7233
3367 4358
3368 9557
3369 1402
3370 7115
3371 6536
3372 2612
3373 2312
3374 619
3375 5785
3376 6518
3377 8041
3378 3658
3379 3844
3380 8254
3381 8555
3382 3260
3383 6445
3384 5304
3385 473
3386 3838
3387 2127
3388 3179
3389 6141
3390 1360
3391 4769
3392 706
3393 3609
3394 8940
3395 1204
3396 9952
3397 1227
3398 1726
3399 2047
3400 6937
3401 8058
3402 1762
3403 1101
3404 5303
3405 1506
3406 1398
3407 3850
3408 2149
3409 5656
3410 708
3411 6807
3412 201
3413 5936
3414 5225
3415 9408
3416 3988
3417 8913
3418 900
3419 2294
3420 7128
3421 6453
3422 3723
3423 6181
3424 3568
3425 2096
3426 9900
3427 9969
3428 3341
3429 613
3430 694
3431 983
3432 6149
3433 9279
3434 863
3435 3571
3436 1411
3437 3156
3438 8666
3439 609
3440 8185
3441 4303
3442 5119
3443 4101
3444 8752
3445 2776
3446 9765
3447 4425
3448 1149
3449 9436
3450 1069
3451 3864
3452 3773
3453 9789
3454 5548
3455 4462
3456 7204
3457 521
3458 9714
3459 2805
3460 2804
3461 5140
3462 7260
3463 3789
3464 9398
3465 777
3466 1494
3467 3472
3468 5614
3469 2063
3470 9254
3471 4530
3472 3634
3473 5706
3474 6073
3475 714
3476 2369
3477 6568
3478 5100
3479 458
3480 2181
3481 4465
3482 408
3483 6152
3484 9799
3485 4138
3486 8521
3487 2539
3488 9134
3489 3383
3490 7780
3491 927
3492 358
3493 8279
3494 618
3495 6319
3496 7332
3497 6884
3498 9123
3499 2199
3500 7491
3501 9875
3502 5775
3503 6845
3504 7335
3505 2438
3506 921
3507 8024
3508 7075
3509 1151
3510 1709
3511 4434
3512 3201
3513 8083
3514 8169
3515 4902
3516 1120
3517 6929
3518 3771
3519 5842
3520 4302
3521 9328
3522 6336
3523 7938
3524 3044
3525 7791
3526 5177
3527 5370
3528 7019
3529 8605
3530 7113
3531 8755
3532 3680
3533 7023
3534 7813
3535 6991
3536 1952
3537 9108
3538 4089
3539 5342
3540 8293
3541 8933
3542 2203
3543 6276
3544 9200
3545 8267
3546 2463
3547 8956
3548 8677
3549 2357
3550 7427
3551 8167
3552 2935
3553 290
3554 7638
3555 7932
3556 1695
3557 4549
3558 5289
3559 3740
3560 1044
3561 7168
3562 8257
3563 7011
3564 41
3565 555
3566 573
3567 3901
3568 6000
3569 9556
3570 2672
3571 5896
3572 2996
3573 898
3574 5628
3575 6285
3576 7282
3577 6240
3578 420
3579 1147
3580 4936
3581 7955
3582 4941
3583 2894
3584 1692
3585 9080
3586 6722
3587 7312
3588 7588
3589 1028
3590 4929
3591 4553
3592 6150
3593 3997
3594 1403
3595 3479
3596 6371
3597 2820
3598 9676
3599 1437
3600 7101
3601 9594
3602 4299
3603 7845
3604 3587
3605 62
3606 6513
3607 8140
3608 7034
3609 207
3610 3074
3611 2574
3612 5905
3613 4008
3614 7868
3615 7506
3616 1967
3617 7539
3618 4110
3619 1806
3620 8558
3621 3817
3622 2750
3623 9189
3624 5066
3625 2841
3626 8006
3627 1611
3628 9517
3629 7781
3630 5525
3631 9978
3632 7801
3633 4968
3634 9822
3635 9003
3636 5280
3637 86
3638 3906
3639 5674
3640 7127
3641 733
3642 9566
3643 7520
3644 2474
3645 4206
3646 5789
3647 2411
3648 6831
3649 2532
3650 9050
3651 3251
3652 7782
3653 9593
3654 1927
3655 1321
3656 2471
3657 7473
3658 3176
3659 5755
3660 9130
3661 1925
3662 3149
3663 5646
3664 8552
3665 7341
3666 3728
3667 5861
3668 2190
3669 9584
3670 1693
3671 6796
3672 4757
3673 8795
3674 1509
3675 3135
3676 4566
3677 9384
3678 9354
3679 7513
3680 6271
3681 7415
3682 7400
3683 2167
3684 6667
3685 9960
3686 7132
3687 7795
3688 406
3689 4932
3690 4688
3691 2697
3692 895
3693 7683
3694 4606
3695 2757
3696 9891
3697 3339
3698 1650
3699 70
3700 544
3701 9181
3702 1544
3703 4884
3704 3051
3705 4161
3706 6086
3707 8657
3708 387
3709 8589
3710 4648
3711 2854
3712 4223
3713 3231
3714 9685
3715 2583
3716 8961
3717 7941
3718 4396
3719 1594
3720 3279
3721 1278
3722 5506
3723 8040
3724 9190
3725 2121
3726 8774
3727 2233
3728 958
3729 8287
3730 559
3731 9202
3732 6631
3733 8929
3734 220
3735 7262
3736 3697
3737 104
3738 5444
3739 4408
3740 1652
3741 9774
3742 3486
3743 1622
3744 9301
3745 8783
3746 6274
3747 2911
3748 769
3749 8727
3750 680
3751 9753
3752 8202
3753 8769
3754 7940
3755 7843
3756 8798
3757 1909
3758 4495
3759 8663
3760 581
3761 9763
3762 5288
3763 9381
3764 9949
3765 9045
3766 5089
3767 8341
3768 4197
3769 3801
3770 2025
3771 7814
3772 947
3773 6914
3774 3645
3775 7202
3776 7382
3777 1445
3778 5254
3779 1124
3780 3471
3781 9014
3782 2238
3783 9303
3784 6850
3785 5331
3786 137
3787 1957
3788 2092
3789 1573
3790 8912
3791 6457
3792 4142
3793 3466
3794 373
3795 3348
3796 5581
3797 4870
3798 8603
3799 1495
3800 6088
3801 32
3802 8496
3803 8664
3804 7751
3805 1671
3806 3145
3807 7449
3808 1001
3809 4130
3810 4989
3811 562
3812 8435
3813 3129
3814 8237
3815 6895
3816 6863
3817 6142
3818 154
3819 6425
3820 1146
3821 9443
3822 3321
3823 8486
3824 650
3825 6602
3826 5108
3827 2831
3828 9392
3829 9419
3830 662
3831 5622
3832 9623
3833 9232
3834 5501
3835 1319
3836 9141
3837 5583
3838 4617
3839 2479
3840 1567
3841 2622
3842 7915
3843 6910
3844 3291
3845 4597
3846 4186
3847 4405
3848 5343
3849 2073
3850 6780
3851 4501
3852 1587
3853 3453
3854 2162
3855 6948
3856 7371
3857 5625
3858 7272
3859 5015
3860 8212
3861 4793
3862 4160
3863 2235
3864 5099
3865 1185
3866 5568
3867 2840
3868 3237
3869 5293
3870 229
3871 5875
3872 5397
3873 6388
3874 429
3875 8771
3876 283
3877 5419
3878 8436
3879 3516
3880 1583
3881 2989
3882 522
3883 4113
3884 8621
3885 6468
3886 8875
3887 5388
3888 1302
3889 9670
3890 8630
3891 6809
3892 7699
3893 2983
3894 8640
3895 4146
3896 3575
3897 4435
3898 5424
3899 9265
3900 6484
3901 7734
3902 5909
3903 6993
3904 6870
3905 5819
3906 7542
3907 7716
3908 6270
3909 5482
3910 179
3911 7527
3912 6364
3913 7496
3914 6158
3915 9727
3916 1781
3917 2472
3918 3004
3919 5617
3920 7013
3921 2295
3922 753
3923 1832
3924 6488
3925 7624
3926 2327
3927 140
3928 9105
3929 2278
3930 1270
3931 2332
3932 6323
3933 8484
3934 3214
3935 9502
3936 9826
3937 7126
3938 6348
3939 3359
3940 5596
3941 7083
3942 114
3943 1056
3944 7459
3945 7105
3946 675
3947 4407
3948 1096
3949 3162
3950 6503
3951 8722
3952 531
3953 6678
3954 9070
3955 1856
3956 2147
3957 6403
3958 7237
3959 4330
3960 929
3961 5357
3962 5050
3963 385
3964 1075
3965 7507
3966 957
3967 3404
3968 2559
3969 847
3970 5420
3971 1222
3972 600
3973 933
3974 5365
3975 2990
3976 7546
3977 3702
3978 8602
3979 3072
3980 2018
3981 4454
3982 6550
3983 6280
3984 626
3985 4912
3986 2922
3987 5052
3988 6889
3989 6175
3990 268
3991 2064
3992 2777
3993 6636
3994 2671
3995 5418
3996 4476
3997 9242
3998 4267
3999 4819
4000 272
4001 4448
4002 6471
4003 7767
4004 3861
4005 2218
4006 3843
4007 4446
4008 5689
4009 5763
4010 3675
4011 7452
4012 9038
4013 1526
4014 4009
4015 1739
4016 7543
4017 3000
4018 9047
4019 4753
4020 2769
4021 7170
4022 7012
4023 7756
4024 7234
4025 6426
4026 9690
4027 4059
4028 7095
4029 6449
4030 368
4031 1367
4032 3066
4033 4682
4034 4196
4035 2221
4036 5329
4037 1460
4038 2034
4039 1537
4040 2375
4041 8823
4042 734
4043 4522
4044 8089
4045 9904
4046 8584
4047 7179
4048 5489
4049 3248
4050 4311
4051 1139
4052 9855
4053 5139
4054 726
4055 5390
4056 8963
4057 3040
4058 2004
4059 3331
4060 4217
4061 9430
4062 967
4063 7919
4064 7545
4065 2709
4066 585
4067 5808
4068 6064
4069 35
4070 5714
4071 7509
4072 55
4073 9113
4074 2956
4075 1050
4076 8548
4077 2163
4078 6935
4079 5124
4080 4579
4081 4866
4082 4716
4083 3282
4084 8784
4085 6096
4086 4965
4087 6003
4088 2158
4089 2099
4090 1470
4091 4450
4092 6920
4093 5393
4094 7451
4095 8135
4096 3416
4097 8693
4098 1239
4099 991
4100 546
4101 1647
4102 8650
4103 8734
4104 7893
4105 2864
4106 9325
4107 9129
4108 6249
4109 6980
4110 8806
4111 5136
4112 7198
4113 9304
4114 7446
4115 8909
4116 6140
4117 5854
4118 9646
4119 6670
4120 3617
4121 7810
4122 5347
4123 2605
4124 5118
4125 2108
4126 7187
4127 43
4128 3234
4129 7992
4130 8623
4131 3225
4132 7654
4133 5864
4134 6509
4135 8414
4136 1589
4137 9309
4138 351
4139 4202
4140 2284
4141 7766
4142 8588
4143 1708
4144 7478
4145 1748
4146 5282
4147 5491
4148 6926
4149 1094
4150 8726
4151 4904
4152 3212
4153 5410
4154 3663
4155 7755
4156 1606
4157 6107
4158 3161
4159 6124
4160 3418
4161 5267
4162 6801
4163 7946
4164 5346
4165 9509
4166 6599
4167 629
4168 2524
4169 8373
4170 9116
4171 4054
4172 2965
4173 8503
4174 7924
4175 8232
4176 5761
4177 7671
4178 9360
4179 7948
4180 4795
4181 1407
4182 9505
4183 1962
4184 3662
4185 6446
4186 2770
4187 5709
4188 973
4189 7080
4190 3132
4191 9919
4192 1908
4193 2978
4194 1084
4195 3099
4196 6946
4197 274
4198 8786
4199 1368
4200 2588
4201 556
4202 3082
4203 4622
4204 1104
4205 9041
4206 5890
4207 58
4208 481
4209 5446
4210 4452
4211 1131
4212 1736
4213 8130
4214 8866
4215 2074
4216 8449
4217 4763
4218 3837
4219 3055
4220 5445
4221 4323
4222 3106
4223 8406
4224 4574
4225 4792
4226 5459
4227 4124
4228 236
4229 5159
4230 826
4231 6934
4232 9364
4233 5672
4234 6949
4235 7988
4236 6933
4237 7535
4238 7304
4239 7061
4240 5940
4241 7378
4242 2947
4243 2959
4244 2655
4245 8840
4246 1821
4247 8298
4248 2136
4249 3484
4250 2066
4251 4609
4252 8741
4253 2689
4254 8732
4255 8867
4256 400
4257 5131
4258 5146
4259 9404
4260 3653
4261 9212
4262 8495
4263 9905
4264 8618
4265 4246
4266 8590
4267 6209
4268 5537
4269 7407
4270 2902
4271 7292
4272 717
4273 2608
4274 7743
4275 6768
4276 1732
4277 4497
4278 2272
4279 851
4280 9886
4281 1117
4282 1805
4283 2429
4284 9231
4285 6324
4286 2378
4287 1434
4288 3223
4289 2062
4290 2688
4291 4585
4292 9035
4293 6511
4294 3657
4295 1720
4296 7731
4297 4368
4298 8682
4299 9883
4300 498
4301 304
4302 8989
4303 4319
4304 9184
4305 899
4306 6594
4307 2734
4308 7514
4309 36
4310 3877
4311 1764
4312 127
4313 9267
4314 1391
4315 7865
4316 4667
4317 4860
4318 8319
4319 4874
4320 3624
4321 8562
4322 73
4323 6608
4324 8491
4325 8561
4326 3603
4327 6407
4328 7435
4329 4892
4330 7171
4331 4072
4332 7030
4333 881
4334 9213
4335 7585
4336 2443
4337 5478
4338 9559
4339 1569
4340 8787
4341 9112
4342 3410
4343 5904
4344 2623
4345 4483
4346 9600
4347 8187
4348 1111
4349 255
4350 5520
4351 3322
4352 6246
4353 4982
4354 9131
4355 2093
4356 2371
4357 2624
4358 8597
4359 3804
4360 4707
4361 1257
4362 7836
4363 6097
4364 5630
4365 6976
4366 6418
4367 1892
4368 2949
4369 2751
4370 9688
4371 142
4372 2392
4373 376
4374 9959
4375 9511
4376 8347
4377 7633
4378 8076
4379 848
4380 9107
4381 5592
4382 3694
4383 1581
4384 1881
4385 1320
4386 1051
4387 1386
4388 3048
4389 7307
4390 6862
4391 2146
4392 9120
4393 7072
4394 3013
4395 8227
4396 9094
4397 1109
4398 1976
4399 1490
4400 6252
4401 9578
4402 6456
4403 8296
4404 9639
4405 2681
4406 5130
4407 1355
4408 8999
4409 7733
4410 5914
4411 2195
4412 631
4413 2680
4414 2106
4415 3872
4416 6019
4417 6865
4418 3853
4419 4379
4420 1388
4421 9660
4422 4935
4423 1790
4424 1034
4425 6741
4426 440
4427 3511
4428 7589
4429 2030
4430 477
4431 475
4432 3577
4433 6390
4434 8393
4435 5814
4436 9700
4437 6005
4438 2633
4439 8919
4440 595
4441 8540
4442 6161
4443 3921
4444 4140
4445 2089
4446 5162
4447 5336
4448 4679
4449 1430
4450 316
4451 1920
4452 8526
4453 9011
4454 3909
4455 5884
4456 5500
4457 2085
4458 4584
4459 4058
4460 6261
4461 2811
4462 3606
4463 7258
4464 8007
4465 6535
4466 5550
4467 8371
4468 5330
4469 7935
4470 5847
4471 8997
4472 1894
4473 4265
4474 5635
4475 7306
4476 6087
4477 2262
4478 3852
4479 7901
4480 9357
4481 3799
4482 2706
4483 8575
4484 542
4485 7349
4486 5549
4487 9424
4488 2027
4489 9678
4490 2683
4491 4558
4492 6352
4493 5233
4494 4811
4495 1247
4496 1792
4497 7164
4498 7471
4499 4573
4500 7837
4501 6341
4502 9170
4503 6984
4504 3857
4505 6452
4506 2448
4507 7485
4508 9827
4509 4919
4510 9581
4511 3556
4512 736
4513 9884
4514 3671
4515 8538
4516 3463
4517 8762
4518 7737
4519 7899
4520 7396
4521 5791
4522 6111
4523 4175
4524 4694
4525 6482
4526 7625
4527 5923
4528 5485
4529 1207
4530 1481
4531 2560
4532 1572
4533 3917
4534 589
4535 1516
4536 5730
4537 4262
4538 9125
4539 2366
4540 7973
4541 219
4542 5713
4543 8805
4544 1038
4545 7079
4546 1387
4547 2763
4548 4659
4549 5242
4550 3755
4551 1467
4552 8565
4553 5634
4554 9028
4555 623
4556 6112
4557 1818
4558 1252
4559 8841
4560 5000
4561 8756
4562 7480
4563 3704
4564 6711
4565 3281
4566 100
4567 9655
4568 9922
4569 5681
4570 2812
4571 7929
4572 8978
4573 3866
4574 7563
4575 8662
4576 9929
4577 6444
4578 4002
4579 401
4580 249
4581 3559
4582 9127
4583 1635
4584 6900
4585 5492
4586 6981
4587 2222
4588 6282
4589 3980
4590 4700
4591 3385
4592 8860
4593 2557
4594 6932
4595 3208
4596 3349
4597 8992
4598 536
4599 9069
4600 7648
4601 4814
4602 7385
4603 2584
4604 1836
4605 8367
4606 8863
4607 181
4608 2955
4609 4195
4610 3332
4611 794
4612 3687
4613 1455
4614 6197
4615 8876
4616 1529
4617 4025
4618 7510
4619 7937
4620 6165
4621 4107
4622 8758
4623 2582
4624 808
4625 9293
4626 5557
4627 7519
4628 5886
4629 3450
4630 9082
4631 9882
4632 4969
4633 177
4634 491
4635 2255
4636 9032
4637 9936
4638 5764
4639 4762
4640 4398
4641 1464
4642 7926
4643 7981
4644 6614
4645 3948
4646 7144
4647 3498
4648 6079
4649 9832
4650 1741
4651 6198
4652 61
4653 4136
4654 8508
4655 5217
4656 802
4657 6495
4658 8403
4659 2568
4660 30
4661 3430
4662 8206
4663 3413
4664 2507
4665 1254
4666 3287
4667 3933
4668 1870
4669 2867
4670 4401
4671 2137
4672 495
4673 2792
4674 7326
4675 3522
4676 7977
4677 1140
4678 8701
4679 2977
4680 2213
4681 5553
4682 8549
4683 8559
4684 2225
4685 1047
4686 9641
4687 8074
4688 2012
4689 7967
4690 3537
4691 1158
4692 3791
4693 3526
4694 6346
4695 4477
4696 3425
4697 7020
4698 4308
4699 8054
4700 2728
4701 1461
4702 8684
4703 7650
4704 3275
4705 1209
4706 2070
4707 5369
4708 6918
4709 8814
4710 6684
4711 7334
4712 7725
4713 9701
4714 5069
4715 4372
4716 2849
4717 853
4718 5519
4719 5045
4720 7429
4721 5022
4722 7413
4723 2893
4724 6842
4725 5367
4726 1756
4727 5168
4728 8047
4729 3667
4730 4715
4731 1868
4732 8920
4733 1562
4734 8921
4735 311
4736 2563
4737 3221
4738 3841
4739 4209
4740 6321
4741 4507
4742 1148
4743 1121
4744 8683
4745 9167
4746 7641
4747 4629
4748 3474
4749 954
4750 1646
4751 3305
4752 8820
4753 1420
4754 3581
4755 3756
4756 4433
4757 7718
4758 6930
4759 554
4760 5494
4761 9290
4762 418
4763 5999
4764 1883
4765 2900
4766 6104
4767 7366
4768 5317
4769 6727
4770 8563
4771 1559
4772 580
4773 4233
4774 8910
4775 660
4776 6705
4777 4918
4778 5127
4779 8029
4780 719
4781 1664
4782 2072
4783 9321
4784 2895
4785 7875
4786 9574
4787 2780
4788 5558
4789 4825
4790 8446
4791 7675
4792 7157
4793 7343
4794 6443
4795 4598
4796 8995
4797 9380
4798 8705
4799 8003
4800 6393
4801 1851
4802 6038
4803 5542
4804 4828
4805 1787
4806 8117
4807 7214
4808 971
4809 3461
4810 9783
4811 3582
4812 4268
4813 8073
4814 607
4815 1385
4816 5746
4817 5951
4818 637
4819 4068
4820 9754
4821 760
4822 9680
4823 3134
4824 7742
4825 7762
4826 7246
4827 7057
4828 7838
4829 3224
4830 4586
4831 7555
4832 5604
4833 6925
4834 9124
4835 3371
4836 1820
4837 8968
4838 8818
4839 8222
4840 2851
4841 9135
4842 6404
4843 9363
4844 3963
4845 210
4846 8803
4847 648
4848 9185
4849 2390
4850 4668
4851 3991
4852 9800
4853 6785
4854 3127
4855 3109
4856 7090
4857 9814
4858 8201
4859 3648
4860 862
4861 2032
4862 8957
4863 9694
4864 3340
4865 488
4866 2280
4867 925
4868 6244
4869 2104
4870 5853
4871 3790
4872 5529
4873 1812
4874 566
4875 6700
4876 6834
4877 8953
4878 1645
4879 3515
4880 1230
4881 6288
4882 5486
4883 6539
4884 1518
4885 970
4886 633
4887 6950
4888 1619
4889 6072
4890 4027
4891 7361
4892 6994
4893 6505
4894 80
4895 9894
4896 5338
4897 7874
4898 9720
4899 6399
4900 9215
4901 645
4902 3313
4903 2427
4904 6284
4905 145
4906 7377
4907 9994
4908 5619
4909 9287
4910 7340
4911 9849
4912 9274
4913 5019
4914 2026
4915 4385
4916 7026
4917 9302
4918 8125
4919 6265
4920 5969
4921 7464
4922 6790
4923 7532
4924 5385
4925 6756
4926 3616
4927 8655
4928 8652
4929 5924
4930 772
4931 6342
4932 2702
4933 5957
4934 7099
4935 9888
4936 4901
4937 550
4938 3546
4939 1661
4940 7657
4941 2523
4942 2372
4943 3638
4944 2234
4945 6080
4946 7277
4947 3193
4948 3345
4949 2924
4950 1159
4951 8782
4952 1903
4953 4519
4954 3607
4955 3086
4956 6009
4957 6923
4958 9169
4959 3232
4960 7958
4961 3143
4962 8653
4963 3146
4964 7907
4965 5247
4966 5415
4967 999
4968 6448
4969 9066
4970 1014
4971 2660
4972 2019
4973 7482
4974 4856
4975 2244
4976 4158
4977 1099
4978 8573
4979 2590
4980 8109
4981 1116
4982 6102
4983 3093
4984 23
4985 8890
4986 6264
4987 4236
4988 5184
4989 9359
4990 6053
4991 54
4992 9173
4993 4029
4994 1416
4995 4384
4996 548
4997 8462
4998 5221
4999 155
5000 3711
5001 8570
5002 3012
5003 9821
5004 1198
5005 4240
5006 5323
5007 2941
5008 4684
5009 9048
5010 6316
5011 9940
5012 8936
5013 4513
5014 3894
5015 3394
5016 7364
5017 1841
5018 2817
5019 413
5020 2208
5021 2193
5022 7785
5023 2712
5024 6327
5025 8811
5026 9984
5027 4778
5028 1478
5029 8901
5030 4167
5031 2562
5032 103
5033 4639
5034 331
5035 1290
5036 1237
5037 2985
5038 4210
5039 8215
5040 2510
5041 5302
5042 6861
5043 5055
5044 5237
5045 5841
5046 6004
5047 5585
5048 5972
5049 9137
5050 5071
5051 5196
5052 9842
5053 294
5054 8816
5055 7405
5056 1757
5057 5268
5058 7203
5059 3154
5060 7566
5061 601
5062 8874
5063 9448
5064 6546
5065 2789
5066 6752
5067 2286
5068 4333
5069 7822
5070 1275
5071 2720
5072 2400
5073 1378
5074 8121
5075 1778
5076 4732
5077 3270
5078 411
5079 3717
5080 6076
5081 3688
5082 6782
5083 7441
5084 1488
5085 258
5086 5412
5087 7463
5088 3862
5089 5405
5090 315
5091 551
5092 5277
5093 9675
5094 494
5095 5751
5096 3113
5097 3312
5098 2511
5099 7857
5100 2758
5101 2431
5102 6517
5103 3364
5104 9562
5105 8088
5106 9759
5107 1837
5108 9110
5109 4626
5110 6070
5111 5638
5112 6868
5113 3713
5114 9450
5115 5876
5116 8481
5117 4964
5118 2585
5119 7969
5120 3807
5121 8834
5122 3640
5123 9535
5124 2323
5125 9715
5126 6844
5127 1255
5128 3137
5129 3527
5130 7374
5131 2898
5132 7268
5133 2171
5134 672
5135 4367
5136 1414
5137 150
5138 4791
5139 8229
5140 4374
5141 8813
5142 561
5143 6398
5144 1994
5145 116
5146 1660
5147 2243
5148 3510
5149 6999
5150 3002
5151 4981
5152 3261
5153 5586
5154 4895
5155 8718
5156 1961
5157 1277
5158 3915
5159 2159
5160 1677
5161 2999
5162 7939
5163 5021
5164 2462
5165 8624
5166 3514
5167 1412
5168 5362
5169 4109
5170 2827
5171 8707
5172 547
5173 1210
5174 2945
5175 8173
5176 3576
5177 6622
5178 8155
5179 692
5180 3941
5181 9970
5182 9266
5183 7375
5184 5889
5185 2114
5186 2087
5187 2013
5188 7498
5189 8935
5190 489
5191 4352
5192 335
5193 4114
5194 3892
5195 9458
5196 6430
5197 7289
5198 8112
5199 7248
5200 2548
5201 2204
5202 4973
5203 9977
5204 67
5205 3310
5206 2944
5207 7410
5208 9838
5209 6293
5210 7595
5211 7974
5212 6913
5213 7957
5214 6462
5215 4711
5216 8518
5217 4621
5218 9204
5219 4288
5220 9552
5221 8580
5222 7715
5223 4911
5224 1425
5225 7898
5226 5091
5227 8123
5228 9901
5229 4987
5230 282
5231 4324
5232 2615
5233 9318
5234 1193
5235 6069
5236 4883
5237 9844
5238 4915
5239 9114
5240 3734
5241 6027
5242 4640
5243 5205
5244 1235
5245 5166
5246 1717
5247 4171
5248 8674
5249 1848
5250 8757
5251 940
5252 6558
5253 5740
5254 2486
5255 4070
5256 6660
5257 9483
5258 3185
5259 9650
5260 1192
5261 4830
5262 1759
5263 3180
5264 4325
5265 7923
5266 7666
5267 724
5268 9158
5269 1850
5270 6110
5271 6708
5272 3454
5273 3256
5274 2065
5275 9454
5276 9860
5277 4383
5278 5080
5279 2790
5280 205
5281 915
5282 5114
5283 2319
5284 7833
5285 4947
5286 8550
5287 6772
5288 5216
5289 7709
5290 7329
5291 5735
5292 4596
5293 9732
5294 6030
5295 823
5296 1418
5297 4840
5298 6147
5299 1531
5300 296
5301 1690
5302 3863
5303 8713
5304 9198
5305 8939
5306 9818
5307 9546
5308 4020
5309 6497
5310 6967
5311 3446
5312 5554
5313 9346
5314 4063
5315 1413
5316 7383
5317 7637
5318 6847
5319 6600
5320 1240
5321 9526
5322 271
5323 1564
5324 6054
5325 4747
5326 6723
5327 8057
5328 2179
5329 874
5330 5766
5331 9724
5332 4253
5333 2967
5334 4949
5335 6954
5336 7145
5337 6397
5338 7679
5339 8116
5340 4983
5341 6595
5342 3041
5343 8566
5344 3986
5345 6962
5346 3326
5347 194
5348 9161
5349 2470
5350 4143
5351 2736
5352 4494
5353 8408
5354 3355
5355 701
5356 3879
5357 3632
5358 3984
5359 6507
5360 4717
5361 3703
5362 7770
5363 3114
5364 9037
5365 9051
5366 6818
5367 1938
5368 7886
5369 4718
5370 4095
5371 3289
5372 1864
5373 7655
5374 3525
5375 3288
5376 5199
5377 7571
5378 7832
5379 3005
5380 2416
5381 245
5382 7847
5383 1410
5384 6703
5385 9850
5386 8321
5387 4377
5388 1486
5389 9451
5390 1749
5391 195
5392 3778
5393 122
5394 9576
5395 4531
5396 7560
5397 1217
5398 2439
5399 5777
5400 6718
5401 4736
5402 7395
5403 7745
5404 8084
5405 7787
5406 5552
5407 2517
5408 9880
5409 2276
5410 3273
5411 248
5412 9146
5413 6250
5414 8031
5415 688
5416 7189
5417 5745
5418 3393
5419 515
5420 6806
5421 4804
5422 8375
5423 6029
5424 8179
5425 8407
5426 8137
5427 9311
5428 8660
5429 3111
5430 1874
5431 7315
5432 1279
5433 5566
5434 6651
5435 9148
5436 2452
5437 720
5438 5611
5439 964
5440 3123
5441 2186
5442 8305
5443 7736
5444 8325
5445 1258
5446 3775
5447 9910
5448 6461
5449 5918
5450 22
5451 4756
5452 6332
5453 3764
5454 572
5455 3489
5456 4540
5457 323
5458 5125
5459 3239
5460 17
5461 2883
5462 8938
5463 9463
5464 1913
5465 1137
5466 8983
5467 1996
5468 622
5469 9269
5470 468
5471 4738
5472 6654
5473 8144
5474 1023
5475 9707
5476 1769
5477 7537
5478 9618
5479 445
5480 5895
5481 4843
5482 3133
5483 7538
5484 2384
5485 6049
5486 4258
5487 3168
5488 9396
5489 583
5490 4502
5491 4423
5492 6590
5493 4189
5494 8236
5495 2877
5496 5855
5497 8976
5498 382
5499 5209
5500 9589
5501 265
5502 496
5503 9601
5504 254
5505 2037
5506 5235
5507 7225
5508 9300
5509 8326
5510 4415
5511 670
5512 6138
5513 3167
5514 4751
5515 7033
5516 7681
5517 7042
5518 7515
5519 893
5520 1070
5521 4260
5522 2543
5523 2603
5524 5811
5525 8439
5526 8642
5527 2364
5528 2940
5529 6366
5530 5769
5531 7393
5532 7964
5533 9995
5534 2520
5535 8008
5536 6496
5537 183
5538 1882
5539 4615
5540 213
5541 7536
5542 3199
5543 1965
5544 3902
5545 1496
5546 3318
5547 7109
5548 7975
5549 827
5550 157
5551 5564
5552 5366
5553 4821
5554 2765
5555 5105
5556 3752
5557 530
5558 4654
5559 2597
5560 8181
5561 7997
5562 1119
5563 8923
5564 9976
5565 8527
5566 1163
5567 4000
5568 6581
5569 7859
5570 4864
5571 3147
5572 2684
5573 5057
5574 1218
5575 4284
5576 6374
5577 158
5578 1813
5579 5308
5580 9313
5581 7487
5582 6982
5583 4442
5584 6083
5585 6679
5586 6126
5587 7406
5588 3493
5589 1027
5590 2328
5591 1872
5592 5938
5593 1046
5594 4759
5595 4441
5596 1986
5597 3592
5598 936
5599 8815
5600 5697
5601 8292
5602 5626
5603 2810
5604 5804
5605 3953
5606 6022
5607 1688
5608 4815
5609 8385
5610 5963
5611 1993
5612 6325
5613 4925
5614 6786
5615 7195
5616 6320
5617 5737
5618 3497
5619 695
5620 4350
5621 7058
5622 8401
5623 5742
5624 9206
5625 575
5626 1021
5627 3402
5628 9677
5629 9280
5630 3628
5631 1346
5632 4539
5633 3989
5634 1144
5635 3880
5636 8218
5637 5354
5638 2951
5639 7703
5640 5025
5641 7043
5642 2843
5643 4787
5644 3646
5645 6730
5646 7952
5647 5728
5648 8905
5649 3308
5650 9612
5651 2138
5652 9073
5653 4938
5654 9599
5655 2318
5656 3806
5657 4081
5658 6662
5659 4496
5660 1174
5661 1855
5662 1640
5663 2435
5664 5857
5665 6973
5666 4733
5667 3512
5668 7701
5669 7601
5670 5364
5671 7399
5672 2054
5673 9471
5674 125
5675 771
5676 3059
5677 9447
5678 3200
5679 1498
5680 2533
5681 2950
5682 8922
5683 8364
5684 8900
5685 4329
5686 6391
5687 5454
5688 5406
5689 7287
5690 9057
5691 8685
5692 2173
5693 7161
5694 502
5695 2662
5696 6633
5697 6299
5698 5723
5699 7540
5700 5838
5701 2771
5702 2863
5703 9964
5704 2105
5705 6512
5706 111
5707 3959
5708 470
5709 8100
5710 6635
5711 6298
5712 402
5713 5032
5714 101
5715 1322
5716 4794
5717 6812
5718 2041
5719 7685
5720 3034
5721 160
5722 6115
5723 5597
5724 3181
5725 9752
5726 6897
5727 83
5728 928
5729 2636
5730 6771
5731 2382
5732 721
5733 9428
5734 4451
5735 1694
5736 5984
5737 5265
5738 8180
5739 4388
5740 7784
5741 2015
5742 5531
5743 6133
5744 959
5745 7844
5746 4887
5747 1935
5748 9954
5749 1593
5750 409
5751 923
5752 7330
5753 7265
5754 8430
5755 8320
5756 3955
5757 3860
5758 5839
5759 6277
5760 9220
5761 6463
5762 8529
5763 7136
5764 4417
5765 6704
5766 18
5767 9907
5768 3950
5769 6195
5770 4015
5771 6551
5772 3158
5773 1301
5774 7890
5775 1090
5776 8583
5777 6563
5778 5271
5779 3387
5780 8579
5781 4389
5782 7182
5783 727
5784 8055
5785 8904
5786 8646
5787 9435
5788 7016
5789 6817
5790 9353
5791 2393
5792 1944
5793 868
5794 3457
5795 5591
5796 5509
5797 9174
5798 4750
5799 1338
5800 6338
5801 3814
5802 5352
5803 6031
5804 6707
5805 1849
5806 72
5807 3437
5808 2182
5809 5570
5810 5637
5811 4963
5812 6557
5813 6592
5814 4703
5815 4017
5816 9413
5817 880
5818 9315
5819 3097
5820 5836
5821 1118
5822 7391
5823 6669
5824 8609
5825 11
5826 3528
5827 5657
5828 6528
5829 1130
5830 1760
5831 4624
5832 6032
5833 196
5834 7283
5835 7472
5836 2818
5837 6686
5838 7956
5839 4674
5840 2670
5841 2611
5842 1357
5843 4625
5844 1086
5845 718
5846 2102
5847 3477
5848 9591
5849 4970
5850 8418
5851 2198
5852 2436
5853 3635
5854 2552
5855 1683
5856 8438
5857 46
5858 3458
5859 7052
5860 5578
5861 8753
5862 9999
5863 6410
5864 2355
5865 3731
5866 5677
5867 1827
5868 7629
5869 3611
5870 1555
5871 8794
5872 739
5873 4449
5874 8692
5875 3465
5876 3683
5877 4399
5878 7064
5879 9955
5880 1343
5881 5749
5882 8524
5883 7869
5884 7652
5885 2665
5886 134
5887 3530
5888 7322
5889 4655
5890 357
5891 4359
5892 3488
5893 4888
5894 5109
5895 5919
5896 1931
5897 1934
5898 1975
5899 6953
5900 8096
5901 6218
5902 4159
5903 7278
5904 6610
5905 5802
5906 968
5907 5800
5908 6839
5909 1441
5910 6523
5911 8211
5912 8789
5913 1162
5914 821
5915 4755
5916 2151
5917 3573
5918 6872
5919 7906
5920 1656
5921 5432
5922 7700
5923 7255
5924 4092
5925 1536
5926 3422
5927 9778
5928 9467
5929 4534
5930 1462
5931 2241
5932 270
5933 4001
5934 6103
5935 226
5936 7497
5937 9775
5938 9078
5939 1186
5940 2237
5941 9494
5942 1556
5943 4761
5944 1898
5945 5945
5946 998
5947 6671
5948 3100
5949 9239
5950 1165
5951 533
5952 379
5953 2215
5954 1860
5955 6243
5956 7154
5957 9736
5958 269
5959 3325
5960 6716
5961 7172
5962 2551
5963 4221
5964 4897
5965 8118
5966 8982
5967 5600
5968 5036
5969 9504
5970 9816
5971 1953
5972 873
5973 4877
5974 3131
5975 1865
5976 6436
5977 4038
5978 7732
5979 6800
5980 9843
5981 4326
5982 8821
5983 2148
5984 9629
5985 1424
5986 4104
5987 8259
5988 8915
5989 2118
5990 3954
5991 6013
5992 9761
5993 2395
5994 6841
5995 2869
5996 1332
5997 1502
5998 2029
5999 6163
6000 816
6001 2695
6002 5944
6003 4148
6004 4473
6005 7894
6006 5508
6007 3633
6008 9312
6009 3601
6010 2932
6011 8702
6012 988
6013 7063
6014 9122
6015 7209
6016 2359
6017 3242
6018 7032
6019 6266
6020 3604
6021 8512
6022 7798
6023 7864
6024 6489
6025 8087
6026 7035
6027 7174
6028 6012
6029 2160
6030 5046
6031 1861
6032 2506
6033 5848
6034 9062
6035 7389
6036 8889
6037 3303
6038 7861
6039 4545
6040 9013
6041 3360
6042 9171
6043 341
6044 3585
6045 8009
6046 8004
6047 6084
6048 2715
6049 6219
6050 602
6051 8801
6052 6494
6053 5849
6054 484
6055 6695
6056 5094
6057 7216
6058 2067
6059 5664
6060 8551
6061 261
6062 1997
6063 844
6064 8571
6065 4137
6066 4243
6067 1549
6068 9963
6069 6010
6070 7925
6071 9046
6072 4112
6073 3669
6074 7950
6075 6413
6076 5143
6077 9848
6078 7404
6079 3016
6080 4193
6081 5569
6082 8228
6083 4944
6084 8694
6085 6089
6086 322
6087 7344
6088 5986
6089 9925
6090 5732
6091 4479
6092 2746
6093 4493
6094 5396
6095 1189
6096 2354
6097 7597
6098 1016
6099 3076
6100 2504
6101 7688
6102 2141
6103 9996
6104 5517
6105 3280
6106 7219
6107 1309
6108 216
6109 1579
6110 2764
6111 6200
6112 4930
6113 5712
6114 5041
6115 795
6116 5296
6117 1213
6118 2926
6119 1929
6120 7953
6121 9632
6122 1228
6123 1126
6124 3301
6125 6411
6126 8368
6127 2830
6128 9017
6129 8133
6130 8619
6131 6
6132 1866
6133 4857
6134 7465
6135 2929
6136 2890
6137 5695
6138 4960
6139 8036
6140 1223
6141 1348
6142 3375
6143 5309
6144 9478
6145 9156
6146 1767
6147 2847
6148 6358
6149 6916
6150 8514
6151 8629
6152 9730
6153 8482
6154 5163
6155 6099
6156 4052
6157 1268
6158 3744
6159 9704
6160 5417
6161 1954
6162 7910
6163 4542
6164 6106
6165 7352
6166 2290
6167 2381
6168 4956
6169 7582
6170 1242
6171 9695
6172 6135
6173 5220
6174 1923
6175 2373
6176 7398
6177 2645
6178 9916
6179 9657
6180 3205
6181 5639
6182 5484
6183 8990
6184 5815
6185 156
6186 3460
6187 8877
6188 9472
6189 4332
6190 852
6191 7530
6192 2793
6193 8098
6194 3929
6195 113
6196 1719
6197 9852
6198 3715
6199 9199
6200 9289
6201 9422
6202 198
6203 2299
6204 1196
6205 48
6206 1926
6207 7414
6208 6668
6209 5448
6210 4724
6211 1990
6212 4742
6213 8998
6214 4440
6215 8269
6216 438
6217 4498
6218 4316
6219 3540
6220 5627
6221 4386
6222 1620
6223 4153
6224 3598
6225 3369
6226 4283
6227 1857
6228 5490
6229 9857
6230 1178
6231 9388
6232 6732
6233 5662
6234 6657
6235 5900
6236 4861
6237 6645
6238 7228
6239 4088
6240 5546
6241 2403
6242 767
6243 9784
6244 9603
6245 1026
6246 2726
6247 6627
6248 4204
6249 7094
6250 6527
6251 3967
6252 6122
6253 3213
6254 3030
6255 6415
6256 171
6257 7056
6258 7912
6259 2257
6260 1723
6261 7851
6262 534
6263 5148
6264 3020
6265 8016
6266 2640
6267 2514
6268 984
6269 1080
6270 3501
6271 2212
6272 4590
6273 2360
6274 6137
6275 6729
6276 5832
6277 5748
6278 9892
6279 9367
6280 4271
6281 8696
6282 1229
6283 9345
6284 9503
6285 8534
6286 1535
6287 3549
6288 121
6289 9160
6290 1089
6291 3520
6292 5535
6293 4362
6294 3505
6295 9019
6296 3039
6297 7411
6298 2315
6299 4958
6300 3056
6301 6666
6302 6071
6303 4946
6304 5563
6305 3690
6306 9106
6307 5997
6308 2774
6309 1530
6310 890
6311 9288
6312 2632
6313 5663
6314 5981
6315 3236
6316 5128
6317 7753
6318 6408
6319 3833
6320 2110
6321 5968
6322 4945
6323 6036
6324 3295
6325 1616
6326 6566
6327 2516
6328 2273
6329 8810
6330 1284
6331 8868
6332 6028
6333 3494
6334 3500
6335 3602
6336 5829
6337 5167
6338 4961
6339 1013
6340 3927
6341 649
6342 7826
6343 4353
6344 1127
6345 4526
6346 763
6347 9987
6348 6755
6349 2420
6350 2242
6351 6223
6352 8539
6353 5644
6354 4537
6355 2909
6356 7302
6357 7039
6358 7
6359 4266
6360 6402
6361 5471
6362 6681
6363 4371
6364 6874
6365 5402
6366 3677
6367 1731
6368 2285
6369 4867
6370 9425
6371 8962
6372 4869
6373 7551
6374 2422
6375 8103
6376 132
6377 6514
6378 2744
6379 6182
6380 930
6381 8675
6382 7697
6383 8911
6384 7201
6385 1288
6386 1576
6387 9558
6388 6791
6389 238
6390 1041
6391 7760
6392 603
6393 6833
6394 5524
6395 939
6396 1409
6397 7092
6398 1888
6399 8754
6400 1574
6401 8851
6402 7840
6403 9550
6404 2953
6405 6222
6406 3621
6407 9899
6408 8567
6409 4485
6410 6383
6411 9255
6412 3870
6413 1700
6414 3676
6415 885
6416 1833
6417 5958
6418 6646
6419 9519
6420 981
6421 5070
6422 7325
6423 3175
6424 6672
6425 2837
6426 2021
6427 7722
6428 4616
6429 656
6430 8354
6431 8958
6432 9469
6433 1354
6434 730
6435 5615
6436 3655
6437 9383
6438 7494
6439 9385
6440 6048
6441 4740
6442 7059
6443 6205
6444 3651
6445 7773
6446 9906
6447 4460
6448 8350
6449 6419
6450 8149
6451 9766
6452 4749
6453 3824
6454 9370
6455 148
6456 3597
6457 5239
6458 2000
6459 4696
6460 9554
6461 2219
6462 3766
6463 5822
6464 329
6465 7242
6466 5257
6467 2397
6468 7357
6469 2119
6470 6742
6471 3835
6472 4697
6473 4403
6474 1187
6475 776
6476 2035
6477 8327
6478 6485
6479 2962
6480 8464
6481 6607
6482 9159
6483 8283
6484 359
6485 1493
6486 636
6487 8849
6488 7271
6489 4985
6490 1880
6491 7711
6492 9394
6493 8895
6494 1283
6495 8830
6496 1421
6497 4198
6498 299
6499 3508
6500 5858
6501 6864
6502 624
6503 8673
6504 6574
6505 1400
6506 4693
6507 6051
6508 6105
6509 7792
6510 9998
6511 2676
6512 9605
6513 4765
6514 6213
6515 6977
6516 2825
6517 7299
6518 5384
6519 9993
6520 8190
6521 5476
6522 7327
6523 2601
6524 7972
6525 5852
6526 7529
6527 9513
6528 5758
6529 1082
6530 7197
6531 9104
6532 8593
6533 9812
6534 1654
6535 8290
6536 5206
6537 7303
6538 9864
6539 3748
6540 8620
6541 4412
6542 9716
6543 7311
6544 3478
6545 6353
6546 8711
6547 7053
6548 9507
6549 8196
6550 1774
6551 4847
6552 6995
6553 3202
6554 553
6555 7165
6556 3267
6557 9516
6558 2152
6559 321
6560 716
6561 3067
6562 6255
6563 7236
6564 4907
6565 8079
6566 6447
6567 3250
6568 3931
6569 6211
6570 3089
6571 5270
6572 6892
6573 1379
6574 9734
6575 5947
6576 4382
6577 6943
6578 5562
6579 1626
6580 3434
6581 9624
6582 1901
6583 3993
6584 5067
6585 3198
6586 7895
6587 38
6588 5375
6589 1303
6590 8395
6591 3262
6592 1438
6593 9039
6594 1501
6595 7320
6596 3227
6597 1176
6598 1078
6599 3079
6600 6663
6601 7442
6602 6146
6603 8678
6604 3951
6605 960
6606 7257
6607 8879
6608 6770
6609 8505
6610 1143
6611 3141
6612 6212
6613 479
6614 8649
6615 3899
6616 6127
6617 5624
6618 7769
6619 8337
6620 4357
6621 423
6622 1608
6623 3531
6624 4623
6625 6761
6626 3780
6627 8034
6628 1862
6629 6715
6630 7670
6631 7481
6632 2267
6633 1093
6634 9768
6635 5263
6636 7355
6637 2349
6638 7462
6639 7503
6640 5195
6641 9111
6642 5348
6643 2374
6644 4505
6645 92
6646 9307
6647 8972
6648 1979
6649 4820
6650 568
6651 2311
6652 850
6653 6304
6654 8704
6655 4003
6656 3304
6657 5078
6658 615
6659 1598
6660 421
6661 2545
6662 7692
6663 2642
6664 5613
6665 8191
6666 3337
6667 7046
6668 2006
6669 206
6670 9497
6671 4040
6672 2856
6673 4076
6674 1487
6675 1366
6676 442
6677 6573
6678 5272
6679 812
6680 4211
6681 3112
6682 4082
6683 4250
6684 5470
6685 7616
6686 9533
6687 168
6688 8451
6689 7347
6690 3600
6691 1233
6692 4123
6693 6983
6694 8274
6695 4613
6696 4886
6697 7069
6698 5011
6699 1517
6700 7971
6701 9750
6702 2799
6703 7222
6704 1382
6705 9767
6706 4709
6707 6851
6708 2046
6709 3612
6710 6458
6711 3367
6712 754
6713 3316
6714 6867
6715 8142
6716 1221
6717 3926
6718 4848
6719 9669
6720 2813
6721 1484
6722 3928
6723 6616
6724 8289
6725 5605
6726 6400
6727 5690
6728 5207
6729 9327
6730 1956
6731 702
6732 576
6733 443
6734 5135
6735 2554
6736 5175
6737 5683
6738 384
6739 5534
6740 6820
6741 375
6742 4661
6743 1547
6744 6498
6745 211
6746 8519
6747 8219
6748 4469
6749 50
6750 8154
6751 1532
6752 2791
6753 7959
6754 9018
6755 1057
6756 6431
6757 1253
6758 6733
6759 3874
6760 227
6761 4108
6762 5496
6763 485
6764 7455
6765 8948
6766 4909
6767 1328
6768 7663
6769 4637
6770 6362
6771 4979
6772 6330
6773 9330
6774 7008
6775 6939
6776 4810
6777 1585
6778 2109
6779 8035
6780 6242
6781 8931
6782 8221
6783 9770
6784 2852
6785 6033
6786 235
6787 1552
6788 4805
6789 2483
6790 5859
6791 882
6792 6963
6793 2727
6794 5699
6795 4127
6796 3689
6797 8516
6798 4754
6799 467
6800 1364
6801 8601
6802 5779
6803 3447
6804 2239
6805 1083
6806 7388
6807 1374
6808 478
6809 5642
6810 4238
6811 911
6812 6429
6813 6291
6814 8119
6815 8467
6816 8455
6817 8391
6818 5913
6819 5823
6820 8772
6821 2797
6822 5925
6823 3049
6824 2123
6825 3286
6826 4632
6827 9416
6828 3210
6829 4135
6830 683
6831 4487
6832 1135
6833 2595
6834 7777
6835 7954
6836 9703
6837 3893
6838 66
6839 6625
6840 26
6841 7207
6842 1238
6843 8444
6844 7846
6845 3672
6846 3741
6847 3197
6848 392
6849 5253
6850 7443
6851 5996
6852 3297
6853 7574
6854 3523
6855 1906
6856 7021
6857 7492
6858 2264
6859 7458
6860 53
6861 1167
6862 6744
6863 3507
6864 3330
6865 7208
6866 8899
6867 4712
6868 8342
6869 2505
6870 4720
6871 1844
6872 7774
6873 5882
6874 2939
6875 6421
6876 5727
6877 9484
6878 9787
6879 8506
6880 8865
6881 7627
6882 9445
6883 5669
6884 1863
6885 1019
6886 4395
6887 7348
6888 4752
6889 106
6890 6260
6891 6062
6892 1779
6893 1456
6894 5612
6895 5172
6896 8358
6897 8443
6898 3912
6899 9362
6900 8199
6901 2385
6902 6966
6903 2129
6904 4280
6905 1704
6906 3553
6907 3630
6908 3994
6909 4827
6910 2807
6911 7835
6912 6357
6913 1642
6914 5982
6915 4474
6916 5213
6917 9433
6918 7705
6919 2509
6920 8770
6921 7928
6922 3623
6923 2861
6924 4923
6925 3187
6926 1018
6927 9961
6928 3468
6929 625
6930 6894
6931 4419
6932 9611
6933 9638
6934 1005
6935 7504
6936 3960
6937 5827
6938 5275
6939 994
6940 3714
6941 8927
6942 5252
6943 2857
6944 4327
6945 8311
6946 6169
6947 8138
6948 1373
6949 3768
6950 1662
6951 1624
6952 4043
6953 872
6954 8556
6955 4723
6956 1105
6957 1714
6958 4885
6959 6256
6960 6467
6961 5079
6962 1943
6963 203
6964 1566
6965 5171
6966 6173
6967 2885
6968 6192
6969 9091
6970 5773
6971 2540
6972 153
6973 9324
6974 8511
6975 500
6976 9577
6977 5026
6978 4506
6979 3062
6980 2930
6981 432
6982 2059
6983 7084
6984 4252
6985 5632
6986 6187
6987 3517
6988 3889
6989 4172
6990 4050
6991 5363
6992 4404
6993 2266
6994 6609
6995 5973
6996 5860
6997 2740
6998 9616
6999 7674
7000 1272
7001 8453
7002 757
7003 9786
7004 7130
7005 170
7006 7184
7007 6542
7008 6877
7009 6853
7010 4426
7011 945
7012 1389
7013 1725
7014 5090
7015 7805
7016 3578
7017 1678
7018 462
7019 3230
7020 9739
7021 2538
7022 8738
7023 1539
7024 8613
7025 829
7026 6753
7027 2580
7028 9138
7029 1682
7030 42
7031 7135
7032 4880
7033 6613
7034 6159
7035 3916
7036 3878
7037 7544
7038 2298
7039 7153
7040 415
7041 7479
7042 2759
7043 2923
7044 8346
7045 454
7046 9620
7047 9743
7048 3046
7049 7608
7050 3467
7051 6737
7052 2806
7053 8679
7054 3155
7055 4165
7056 4500
7057 394
7058 2153
7059 4988
7060 7824
7061 426
7062 5933
7063 638
7064 8639
7065 7358
7066 1401
7067 5704
7068 8576
7069 8993
7070 1854
7071 6824
7072 2453
7073 4289
7074 107
7075 4645
7076 3660
7077 5479
7078 4077
7079 4292
7080 7123
7081 10
7082 7175
7083 4278
7084 9656
7085 7275
7086 9477
7087 6725
7088 953
7089 992
7090 9595
7091 9980
7092 5468
7093 8428
7094 7852
7095 655
7096 7594
7097 6207
7098 5259
7099 508
7100 712
7101 3971
7102 3918
7103 4488
7104 4587
7105 6373
7106 4458
7107 1062
7108 6702
7109 1625
7110 6653
7111 8791
7112 9726
7113 305
7114 807
7115 4924
7116 1515
7117 7146
7118 9522
7119 3983
7120 5928
7121 6958
7122 3579
7123 51
7124 3996
7125 2428
7126 5449
7127 9823
7128 5828
7129 4084
7130 6310
7131 4581
7132 2024
7133 7346
7134 2798
7135 4612
7136 59
7137 9908
7138 896
7139 9621
7140 231
7141 689
7142 7100
7143 582
7144 1802
7145 8687
7146 6852
7147 9962
7148 571
7149 679
7150 5391
7151 1114
7152 3290
7153 7848
7154 6947
7155 2097
7156 697
7157 9332
7158 63
7159 541
7160 4010
7161 2216
7162 809
7163 906
7164 1476
7165 3784
7166 6677
7167 9542
7168 2925
7169 2719
7170 8048
7171 6726
7172 5029
7173 5703
7174 4744
7175 7979
7176 3858
7177 1524
7178 2673
7179 6331
7180 1179
7181 8596
7182 920
7183 4149
7184 4780
7185 6225
7186 6825
7187 1950
7188 8099
7189 3591
7190 1256
7191 9203
7192 1250
7193 307
7194 361
7195 3065
7196 8359
7197 5301
7198 7288
7199 3895
7200 6377
7201 7359
7202 8151
7203 7586
7204 4134
7205 3459
7206 1106
7207 7264
7208 4373
7209 2188
7210 9931
7211 6960
7212 7820
7213 8148
7214 8349
7215 9808
7216 4803
7217 8050
7218 972
7219 3678
7220 4085
7221 8945
7222 9876
7223 3414
7224 9579
7225 7748
7226 6328
7227 849
7228 1340
7229 1701
7230 1750
7231 9109
7232 180
7233 6339
7234 6043
7235 591
7236 7858
7237 3090
7238 8405
7239 8914
7240 1596
7241 9939
7242 7908
7243 19
7244 529
7245 3060
7246 761
7247 9136
7248 6206
7249 5381
7250 4099
7251 2140
7252 3557
7253 5547
7254 4023
7255 6789
7256 9527
7257 524
7258 6166
7259 1630
7260 5244
7261 6691
7262 962
7263 328
7264 7989
7265 6311
7266 2698
7267 287
7268 88
7269 2835
7270 5696
7271 9042
7272 4631
7273 2555
7274 2094
7275 3509
7276 859
7277 9846
7278 1036
7279 4118
7280 5659
7281 1292
7282 8158
7283 5872
7284 1799
7285 5983
7286 2445
7287 9356
7288 2424
7289 3961
7290 2348
7291 2124
7292 3285
7293 5164
7294 2117
7295 7713
7296 102
7297 405
7298 7661
7299 1697
7300 3396
7301 6417
7302 9972
7303 9432
7304 3257
7305 2197
7306 7068
7307 1657
7308 8747
7309 8631
7310 4232
7311 6986
7312 9839
7313 2802
7314 9065
7315 2076
7316 1835
7317 7559
7318 667
7319 4834
7320 8800
7321 188
7322 8432
7323 5866
7324 2491
7325 2933
7326 616
7327 3438
7328 5726
7329 6876
7330 6719
7331 2468
7332 2760
7333 879
7334 1482
7335 836
7336 5574
7337 687
7338 2753
7339 8829
7340 4734
7341 6928
7342 7849
7343 4105
7344 2724
7345 3867
7346 3936
7347 1591
7348 4837
7349 5724
7350 8659
7351 7922
7352 5008
7353 6905
7354 3118
7355 4245
7356 7290
7357 4248
7358 5298
7359 3024
7360 3412
7361 4910
7362 319
7363 3605
7364 2570
7365 2569
7366 4547
7367 3432
7368 280
7369 3811
7370 5218
7371 7610
7372 9101
7373 74
7374 4727
7375 3358
7376 8773
7377 6615
7378 7119
7379 8703
7380 260
7381 9544
7382 1032
7383 8710
7384 3178
7385 7863
7386 7009
7387 3444
7388 6370
7389 286
7390 5521
7391 6652
7392 4962
7393 9121
7394 8338
7395 2133
7396 3406
7397 9681
7398 9256
7399 614
7400 190
7401 2975
7402 3088
7403 8610
7404 3631
7405 5590
7406 2960
7407 2756
7408 1655
7409 7990
7410 6384
7411 9635
7412 7557
7413 2084
7414 798
7415 7517
7416 978
7417 796
7418 9044
7419 6295
7420 110
7421 8767
7422 6886
7423 9092
7424 3429
7425 6367
7426 2259
7427 5533
7428 2808
7429 6056
7430 7166
7431 3914
7432 4079
7433 7827
7434 6329
7435 5671
7436 8882
7437 2838
7438 5134
7439 3533
7440 6675
7441 7603
7442 5198
7443 5768
7444 2598
7445 1423
7446 5010
7447 2301
7448 8445
7449 9706
7450 6075
7451 9222
7452 3464
7453 8281
7454 2080
7455 6823
7456 8515
7457 6464
7458 317
7459 5599
7460 2575
7461 8886
7462 4978
7463 7151
7464 8404
7465 699
7466 3334
7467 6439
7468 4706
7469 9997
7470 1721
7471 7224
7472 9755
7473 1571
7474 221
7475 1746
7476 9613
7477 1514
7478 1891
7479 4816
7480 242
7481 9179
7482 8740
7483 1706
7484 5223
7485 9059
7486 2098
7487 5243
7488 7077
7489 2477
7490 6621
7491 9152
7492 6717
7493 4174
7494 1987
7495 4014
7496 6690
7497 4957
7498 4046
7499 8420
7500 9233
7501 1182
7502 6739
7503 301
7504 4666
7505 5967
7506 9016
7507 5621
7508 5912
7509 6641
7510 7401
7511 3673
7512 444
7513 8468
7514 784
7515 4562
7516 5043
7517 3439
7518 905
7519 2685
7520 3692
7521 2614
7522 7191
7523 3758
7524 2250
7525 6273
7526 9455
7527 3095
7528 7421
7529 6191
7530 4871
7531 1686
7532 9464
7533 7194
7534 1780
7535 9440
7536 6238
7537 7331
7538 3327
7539 8288
7540 6302
7541 4098
7542 2766
7543 4678
7544 4420
7545 1601
7546 1770
7547 9782
7548 3871
7549 9840
7550 5232
7551 3615
7552 7634
7553 6699
7554 6808
7555 6381
7556 3105
7557 8307
7558 9282
7559 4080
7560 8238
7561 817
7562 966
7563 799
7564 570
7565 5555
7566 9588
7567 6334
7568 262
7569 9257
7570 5469
7571 3243
7572 1286
7573 293
7574 9391
7575 6811
7576 3160
7577 4665
7578 1933
7579 7294
7580 9314
7581 6987
7582 3770
7583 814
7584 6193
7585 7614
7586 3022
7587 222
7588 5186
7589 8355
7590 2497
7591 640
7592 1666
7593 9590
7594 8617
7595 6025
7596 9027
7597 8127
7598 4183
7599 4959
7600 9510
7601 1393
7602 535
7603 9412
7604 239
7605 356
7606 3869
7607 7445
7608 2144
7609 9395
7610 4177
7611 5544
7612 6017
7613 9541
7614 2322
7615 9434
7616 6945
7617 2292
7618 5892
7619 123
7620 1011
7621 3720
7622 1123
7623 5182
7624 1274
7625 5878
7626 7281
7627 4255
7628 9423
7629 2918
7630 2408
7631 9549
7632 5962
7633 3379
7634 4675
7635 6215
7636 1363
7637 165
7638 9077
7639 6389
7640 6673
7641 1480
7642 2051
7643 3739
7644 4588
7645 4782
7646 2707
7647 2419
7648 4705
7649 8197
7650 8166
7651 8578
7652 4926
7653 9810
7654 3043
7655 4037
7656 2946
7657 9642
7658 8071
7659 5144
7660 5211
7661 3001
7662 1561
7663 789
7664 9402
7665 3564
7666 7985
7667 9713
7668 7682
7669 4879
7670 4699
7671 4300
7672 674
7673 843
7674 5389
7675 5939
7676 3506
7677 6970
7678 3518
7679 4775
7680 1129
7681 8812
7682 9163
7683 4702
7684 2934
7685 3706
7686 506
7687 6942
7688 5241
7689 34
7690 2404
7691 5377
7692 5527
7693 4809
7694 5961
7695 8568
7696 596
7697 9841
7698 837
7699 7829
7700 7612
7701 8724
7702 3742
7703 9020
7704 9006
7705 2755
7706 1141
7707 8796
7708 3565
7709 1315
7710 8280
7711 6045
7712 3829
7713 2386
7714 6067
7715 9858
7716 1840
7717 1900
7718 1618
7719 3368
7720 8301
7721 9002
7722 1907
7723 2536
7724 2414
7725 4443
7726 749
7727 3904
7728 6757
7729 1947
7730 5856
7731 9640
7732 9441
7733 3378
7734 1125
7735 1510
7736 4199
7737 3357
7738 5974
7739 6638
7740 9973
7741 3165
7742 1592
7743 526
7744 9932
7745 6896
7746 1853
7747 3211
7748 174
7749 79
7750 7437
7751 7931
7752 4376
7753 5407
7754 4430
7755 9492
7756 9225
7757 4369
7758 8587
7759 8078
7760 3449
7761 6890
7762 2577
7763 2488
7764 8748
7765 2828
7766 8170
7767 9386
7768 9489
7769 6229
7770 7986
7771 4728
7772 4845
7773 24
7774 5871
7775 7054
7776 3417
7777 9431
7778 1796
7779 8838
7780 2873
7781 4275
7782 3760
7783 6656
7784 4620
7785 8398
7786 2426
7787 8777
7788 2961
7789 5798
7790 4671
7791 5931
7792 9649
7793 9245
7794 4178
7795 4016
7796 6350
7797 7866
7798 8742
7799 2501
7800 4529
7801 5528
7802 946
7803 5862
7804 8776
7805 834
7806 7192
7807 6078
7808 6506
7809 5383
7810 4234
7811 4247
7812 538
7813 1008
7814 1072
7815 7615
7816 9851
7817 6620
7818 5133
7819 9874
7820 340
7821 8831
7822 370
7823 1789
7824 336
7825 1632
7826 7333
7827 8253
7828 5796
7829 7227
7830 8019
7831 9081
7832 803
7833 4868
7834 3593
7835 4546
7836 8062
7837 7694
7838 2553
7839 9911
7840 5197
7841 7821
7842 6318
7843 8266
7844 9529
7845 8472
7846 2643
7847 118
7848 5734
7849 3017
7850 2654
7851 2547
7852 5770
7853 6961
7854 883
7855 2971
7856 247
7857 791
7858 6401
7859 4726
7860 4208
7861 8572
7862 5318
7863 350
7864 9631
7865 7309
7866 7897
7867 9005
7868 2175
7869 412
7870 9004
7871 9606
7872 4619
7873 2455
7874 7350
7875 6632
7876 3384
7877 65
7878 557
7879 2189
7880 1048
7881 6136
7882 5068
7883 9365
7884 7297
7885 3743
7886 4515
7887 7541
7888 333
7889 8907
7890 3294
7891 1199
7892 8858
7893 5744
7894 982
7895 8478
7896 8581
7897 383
7898 519
7899 1058
7900 5511
7901 5297
7902 7768
7903 8977
7904 5392
7905 918
7906 4514
7907 3319
7908 8316
7909 4746
7910 965
7911 7483
7912 3886
7913 6451
7914 7757
7915 7249
7916 8268
7917 8208
7918 5736
7919 9420
7920 141
7921 5885
7922 472
7923 4005
7924 2150
7925 5024
7926 1648
7927 788
7928 3436
7929 2906
7930 606
7931 9627
7932 8536
7933 2417
7934 7223
7935 2338
7936 4997
7937 4304
7938 8051
7939 4741
7940 4336
7941 8585
7942 5251
7943 8822
7944 3548
7945 117
7946 2388
7947 7300
7948 6023
7949 7206
7950 5722
7951 7645
7952 3596
7953 1264
7954 4786
7955 5283
7956 9285
7957 2534
7958 7490
7959 6314
7960 4251
7961 8497
7962 4216
7963 1184
7964 279
7965 7342
7966 1548
7967 3513
7968 8143
7969 138
7970 7424
7971 7387
7972 3215
7973 2705
7974 8011
7975 5273
7976 832
7977 3693
7978 9326
7979 6586
7980 9583
7981 7418
7982 4939
7983 5095
7984 5413
7985 7698
7986 4270
7987 509
7988 9520
7989 4141
7990 7842
7991 4034
7992 6530
7993 7883
7994 9672
7995 4422
7996 1755
7997 7936
7998 2211
7999 9889
8000 6805
8001 9049
8002 7850
8003 8456
8004 563
8005 888
8006 4170
8007 5799
8008 4150
8009 2866
8010 1528
8011 1705
8012 4335
8013 5423
8014 6626
8015 7324
8016 6693
8017 4858
8018 2057
8019 302
8020 6349
8021 5285
8022 8493
8023 6224
8024 6235
8025 378
8026 4729
8027 9802
8028 5074
8029 6605
8030 4026
8031 3302
8032 8476
8033 9914
8034 389
8035 2714
8036 4643
8037 2161
8038 1454
8039 5018
8040 4381
8041 3836
8042 2800
8043 2931
8044 5991
8045 7266
8046 2850
8047 6540
8048 9866
8049 2846
8050 5349
8051 4550
8052 6689
8053 9175
8054 167
8055 6185
8056 9457
8057 4650
8058 4875
8059 1838
8060 4788
8061 2337
8062 1889
8063 5157
8064 5480
8065 1773
8066 7806
8067 7632
8068 5
8069 7749
8070 4179
8071 2304
8072 6990
8073 1166
8074 1628
8075 8379
8076 5106
8077 5678
8078 3846
8079 2880
8080 2184
8081 6611
8082 8627
8083 9687
8084 7987
8085 5319
8086 5582
8087 6696
8088 4480
8089 6676
8090 7999
8091 1711
8092 2903
8093 451
8094 8273
8095 4994
8096 7900
8097 7872
8098 5698
8099 3098
8100 1636
8101 6337
8102 6130
8103 3881
8104 4599
8105 8094
8106 9587
8107 2297
8108 2948
8109 3274
8110 2331
8111 9089
8112 2914
8113 1783
8114 5930
8115 8764
8116 3932
8117 2832
8118 4796
8119 2339
8120 6114
8121 9268
8122 7695
8123 9965
8124 9375
8125 7980
8126 5658
8127 6658
8128 7511
8129 5345
8130 308
8131 2432
8132 256
8133 6315
8134 3786
8135 1033
8136 9214
8137 2314
8138 4334
8139 4257
8140 7426
8141 6459
8142 2609
8143 5806
8144 5998
8145 3142
8146 3480
8147 3985
8148 6178
8149 4635
8150 2979
8151 4343
8152 4402
8153 9917
8154 1505
8155 3558
8156 2912
8157 6759
8158 5825
8159 6487
8160 685
8161 2690
8162 1351
8163 9132
8164 4627
8165 3659
8166 9501
8167 9622
8168 5464
8169 4739
8170 1676
8171 4100
8172 2984
8173 7024
8174 240
8175 3898
8176 8465
8177 7834
8178 7867
8179 6924
8180 1816
8181 2016
8182 1085
8183 3184
8184 6603
8185 7253
8186 1766
8187 1100
8188 3826
8189 6648
8190 3910
8191 3483
8192 2639
8193 676
8194 2842
8195 4644
8196 8487
8197 9226
8198 8714
8199 5093
8200 6294
8201 7508
8202 85
8203 1641
8204 1459
8205 3504
8206 9310
8207 5101
8208 6674
8209 164
8210 9696
8211 471
8212 2139
8213 9636
8214 4115
8215 5344
8216 8553
8217 7667
8218 8159
8219 8340
8220 2324
8221 5920
8222 6066
8223 5873
8224 564
8225 8189
8226 9390
8227 9237
8228 4006
8229 7031
8230 5654
8231 6764
8232 1331
8233 7158
8234 9909
8235 9769
8236 349
8237 4219
8238 2334
8239 414
8240 3126
8241 5584
8242 7678
8243 2043
8244 2549
8245 6090
8246 7177
8247 6441
8248 3108
8249 2887
8250 7862
8251 2461
8252 2871
8253 5750
8254 6257
8255 1113
8256 4486
8257 2874
8258 4387
8259 639
8260 3047
8261 2762
8262 3547
8263 3674
8264 2860
8265 2858
8266 8018
8267 128
8268 5504
8269 4777
8270 2227
8271 3920
8272 7238
8273 9721
8274 4131
8275 8339
8276 4031
8277 1659
8278 4658
8279 1519
8280 3370
8281 8425
8282 6493
8283 9682
8284 1807
8285 8827
8286 8872
8287 1451
8288 3698
8289 6783
8290 7622
8291 6480
8292 3216
8293 7876
8294 1513
8295 4184
8296 9085
8297 2761
8298 1991
8299 1543
8300 6650
8301 9067
8302 6434
8303 5322
8304 6109
8305 5631
8306 9712
8307 2196
8308 6585
8309 5295
8310 3443
8311 5903
8312 3019
8313 6231
8314 6035
8315 1958
8316 1890
8317 9796
8318 2920
8319 4781
8320 8980
8321 8141
8322 1980
8323 805
8324 9358
8325 2730
8326 4224
8327 3656
8328 3934
8329 1074
8330 7761
8331 2409
8332 2848
8333 4181
8334 278
8335 200
8336 6118
8337 6531
8338 3619
8339 204
8340 2449
8341 4279
8342 5979
8343 9953
8344 3078
8345 4087
8346 7739
8347 6931
8348 7855
8349 6781
8350 29
8351 9508
8352 8156
8353 9614
8354 4067
8355 5595
8356 9937
8357 5274
8358 365
8359 8297
8360 6835
8361 1825
8362 4974
8363 5762
8364 7778
8365 9182
8366 7310
8367 7583
8368 2010
8369 3196
8370 1003
8371 8925
8372 397
8373 7712
8374 979
8375 3539
8376 8835
8377 439
8378 5833
8379 9871
8380 250
8381 7945
8382 4466
8383 3684
8384 2476
8385 5879
8386 9983
8387 7002
8388 2415
8389 2678
8390 558
8391 9806
8392 6179
8393 5818
8394 7752
8395 4903
8396 8315
8397 4096
8398 9545
8399 3978
8400 5214
8401 7240
8402 3888
8403 747
8404 9191
8405 3783
8406 8068
8407 9547
8408 5441
8409 5142
8410 4998
8411 6553
8412 7764
8413 1191
8414 7321
8415 9460
8416 3686
8417 2017
8418 8641
8419 5431
8420 5643
8421 833
8422 8124
8423 3296
8424 8336
8425 4346
8426 2778
8427 9329
8428 291
8429 9777
8430 2321
8431 6587
8432 2050
8433 4773
8434 5115
8435 1989
8436 8984
8437 8028
8438 3524
8439 5795
8440 4580
8441 6836
8442 6422
8443 4933
8444 4456
8445 2132
8446 5702
8447 5845
8448 5335
8449 1155
8450 2398
8451 2748
8452 6819
8453 9760
8454 3354
8455 1327
8456 8498
8457 5097
8458 985
8459 4242
8460 8250
8461 2086
8462 9411
8463 9473
8464 6290
8465 8310
8466 7108
8467 7892
8468 5661
8469 6944
8470 8944
8471 8000
8472 7027
8473 6479
8474 4438
8475 858
8476 5739
8477 969
8478 4192
8479 6356
8480 6988
8481 2207
8482 3138
8483 9971
8484 9219
8485 1939
8486 1534
8487 9582
8488 2379
8489 8278
8490 4045
8491 7111
8492 2599
8493 2177
8494 6941
8495 1442
8496 6034
8497 9604
8498 2183
8499 143
8500 2845
8501 5034
8502 5499
8503 9615
8504 4375
8505 8799
8506 8477
8507 5355
8508 4975
8509 3192
8510 1417
8511 6565
8512 2125
8513 8168
8514 7669
8515 6661
8516 5780
8517 3885
8518 6643
8519 1154
8520 2444
8521 13
8522 5181
8523 6545
8524 9935
8525 9571
8526 9798
8527 4226
8528 8178
8529 3150
8530 2691
8531 4021
8532 115
8533 8937
8534 4633
8535 6081
8536 2170
8537 223
8538 8615
8539 3252
8540 2693
8541 2743
8542 7475
8543 8412
8544 5888
8545 4413
8546 7477
8547 2040
8548 5673
8549 5899
8550 2260
8551 4721
8552 2725
8553 8249
8554 9951
8555 8157
8556 7917
8557 8884
8558 2542
8559 840
8560 9331
8561 9344
8562 8328
8563 7789
8564 8502
8565 7562
8566 2638
8567 3021
8568 9118
8569 7724
8570 5660
8571 7706
8572 8887
8573 4190
8574 6989
8575 9482
8576 1761
8577 9211
8578 4636
8579 2287
8580 6552
8581 4447
8582 7860
8583 136
8584 1241
8585 941
8586 9342
8587 5955
8588 4660
8589 6091
8590 9506
8591 2440
8592 3550
8593 3842
8594 3125
8595 4116
8596 6649
8597 7256
8598 2535
8599 4524
8600 431
8601 9863
8602 1665
8603 5530
8604 2329
8605 2855
8606 4445
8607 9666
8608 1852
8609 7786
8610 4730
8611 3226
8612 8969
8613 7250
8614 5151
8615 5409
8616 7618
8617 620
8618 1458
8619 2899
8620 3373
8621 8013
8622 7606
8623 399
8624 1248
8625 8115
8626 955
8627 9674
8628 5565
8629 8195
8630 8681
8631 6804
8632 5180
8633 5126
8634 5395
8635 1793
8636 398
8637 37
8638 8832
8639 3172
8640 5475
8641 4872
8642 539
8643 7323
8644 460
8645 3896
8646 8252
8647 2130
8648 6144
8649 3191
8650 1879
8651 9007
8652 9877
8653 9157
8654 4603
8655 6247
8656 1285
8657 2579
8658 8042
8659 4950
8660 4664
8661 8247
8662 2786
8663 2205
8664 653
8665 7379
8666 6153
8667 5096
8668 3828
8669 6145
8670 2485
8671 5210
8672 343
8673 9166
8674 8284
8675 4122
8676 1845
8677 9216
8678 4272
8679 1308
8680 4051
8681 1902
8682 9465
8683 5994
8684 4680
8685 89
8686 1153
8687 7231
8688 5538
8689 5027
8690 9500
8691 1658
8692 8717
8693 4320
8694 5451
8695 7721
8696 9626
8697 938
8698 4844
8699 2346
8700 5843
8701 8460
8702 4561
8703 5721
8704 1329
8705 5881
8706 4164
8707 6345
8708 2942
8709 3392
8710 9230
8711 7879
8712 6921
8713 5414
8714 6155
8715 6556
8716 1012
8717 4028
8718 9297
8719 4771
8720 1644
8721 7025
8722 3945
8723 9079
8724 6241
8725 281
8726 1175
8727 3377
8728 4602
8729 5623
8730 1369
8731 4523
8732 2340
8733 4725
8734 3613
8735 8965
8736 8577
8737 3924
8738 630
8739 7028
8740 2515
8741 3627
8742 9679
8743 7493
8744 7003
8745 7235
8746 7809
8747 334
8748 5077
8749 3779
8750 3121
8751 7076
8752 5174
8753 6343
8754 5705
8755 9252
8756 3751
8757 5716
8758 4954
8759 4126
8760 1436
8761 644
8762 8979
8763 8878
8764 9476
8765 9988
8766 2565
8767 1520
8768 8242
8769 4683
8770 856
8771 9872
8772 314
8773 3499
8774 6880
8775 3990
8776 4854
8777 9452
8778 2503
8779 4520
8780 7607
8781 4259
8782 4176
8783 6082
8784 4269
8785 9708
8786 3995
8787 2836
8788 2731
8789 4406
8790 2518
8791 7909
8792 4203
8793 9083
8794 6359
8795 7796
8796 1304
8797 1009
8798 8537
8799 3800
8800 6997
8801 1896
8802 8231
8803 6685
8804 756
8805 6538
8806 1651
8807 8184
8808 8226
8809 4713
8810 4342
8811 5326
8812 5608
8813 9575
8814 7581
8815 7794
8816 5250
8817 9387
8818 2613
8819 2546
8820 9299
8821 835
8822 5830
8823 3999
8824 3900
8825 3759
8826 1234
8827 3538
8828 9291
8829 2478
8830 7178
8831 2876
8832 8595
8833 9592
8834 668
8835 4261
8836 4155
8837 1295
8838 9281
8839 8240
8840 907
8841 986
8842 1068
8843 4457
8844 396
8845 897
8846 8067
8847 6026
8848 6637
8849 4766
8850 7693
8851 4829
8852 8728
8853 20
8854 8966
8855 364
8856 4022
8857 8852
8858 4839
8859 2703
8860 8600
8861 5512
8862 5834
8863 5718
8864 5670
8865 2399
8866 1171
8867 8312
8868 9803
8869 3033
8870 6828
8871 3029
8872 8261
8873 6849
8874 3073
8875 8318
8876 4748
8877 1475
8878 2001
8879 4900
8880 5037
8881 6750
8882 5943
8883 7037
8884 2406
8885 9795
8886 7727
8887 1477
8888 5035
8889 2300
8890 7741
8891 4263
8892 1352
8893 277
8894 1814
8895 1672
8896 8897
8897 7141
8898 5030
8899 8501
8900 4544
8901 3625
8902 2275
8903 7547
8904 4228
8905 8026
8906 6041
8907 9490
8908 1905
8909 1362
8910 5790
8911 3342
8912 4509
8913 298
8914 4200
8915 5400
8916 9294
8917 2157
8918 2467
8919 2120
8920 7369
8921 8276
8922 8721
8923 9056
8924 5474
8925 9564
8926 4510
8927 7044
8928 1503
8929 1558
8930 7933
8931 787
8932 682
8933 8450
8934 8489
8935 977
8936 7431
8937 8749
8938 5826
8939 8313
8940 779
8941 7579
8942 9162
8943 5765
8944 2442
8945 2022
8946 7591
8947 5719
8948 1948
8949 1312
8950 28
8951 2626
8952 8061
8953 2853
8954 6974
8955 2878
8956 7423
8957 6567
8958 3882
8959 4463
8960 7522
8961 9514
8962 6575
8963 9196
8964 6570
8965 3054
8966 7022
8967 6912
8968 2796
8969 8233
8970 7220
8971 9745
8972 9845
8973 2721
8974 4464
8975 1188
8976 7353
8977 369
8978 6474
8979 4698
8980 2460
8981 6529
8982 6515
8983 3942
8984 783
8985 7474
8986 7241
8987 3328
8988 9034
8989 3338
8990 7978
8991 7017
8992 9928
8993 2669
8994 6092
8995 2892
8996 1169
8997 7390
8998 8780
8999 3424
9000 4151
9001 7839
9002 7291
9003 1103
9004 9609
9005 8317
9006 4779
9007 4743
9008 9240
9009 9847
9010 9531
9011 1804
9012 9702
9013 1063
9014 7889
9015 7765
9016 9192
9017 5328
9018 9377
9019 7763
9020 1763
9021 5450
9022 2815
9023 7308
9024 9382
9025 2231
9026 2058
9027 6572
9028 926
9029 3300
9030 1637
9031 7129
9032 7687
9033 4862
9034 1675
9035 1560
9036 5821
9037 2526
9038 7156
9039 6450
9040 3590
9041 854
9042 9071
9043 913
9044 8329
9045 2976
9046 8217
9047 5593
9048 845
9049 3503
9050 4090
9051 6428
9052 7185
9053 2061
9054 2617
9055 7078
9056 5178
9057 2782
9058 9762
9059 5161
9060 2008
9061 6227
9062 5620
9063 2309
9064 8825
9065 2176
9066 4745
9067 9227
9068 7470
9069 1955
9070 6478
9071 3068
9072 4800
9073 3805
9074 5916
9075 5203
9076 9488
9077 4132
9078 1015
9079 501
9080 3003
9081 5929
9082 4394
9083 68
9084 4273
9085 3854
9086 9126
9087 9264
9088 778
9089 5760
9090 8437
9091 7370
9092 8582
9093 4102
9094 7502
9095 1107
9096 3278
9097 8005
9098 2229
9099 7696
9100 6405
9101 605
9102 1785
9103 3096
9104 1973
9105 9924
9106 7381
9107 8504
9108 5497
9109 4922
9110 6387
9111 5183
9112 8949
9113 4091
9114 2733
9115 4060
9116 3873
9117 6787
9118 4572
9119 7704
9120 390
9121 1431
9122 9662
9123 5064
9124 2232
9125 4012
9126 3637
9127 952
9128 1633
9129 2803
9130 3366
9131 99
9132 6287
9133 5579
9134 119
9135 2437
9136 3391
9137 5792
9138 297
9139 3400
9140 4390
9141 2214
9142 9021
9143 597
9144 4731
9145 976
9146 2737
9147 6682
9148 4905
9149 7122
9150 1794
9151 9524
9152 7677
9153 8160
9154 3298
9155 4681
9156 3664
9157 987
9158 7707
9159 8210
9160 8095
9161 4577
9162 2499
9163 8951
9164 5190
9165 436
9166 2606
9167 3092
9168 1615
9169 7066
9170 6335
9171 4955
9172 3306
9173 7001
9174 2489
9175 5014
9176 8376
9177 9142
9178 6773
9179 6317
9180 9647
9181 25
9182 7409
9183 4568
9184 8198
9185 218
9186 8665
9187 2434
9188 2325
9189 2904
9190 2529
9191 3421
9192 1077
9193 8924
9194 2307
9195 2686
9196 9235
9197 2952
9198 6279
9199 7273
9200 5572
9201 4823
9202 6510
9203 7450
9204 3574
9205 4282
9206 5776
9207 7914
9208 5700
9209 273
9210 6460
9211 9709
9212 9737
9213 6308
9214 9985
9215 9930
9216 8530
9217 3077
9218 3970
9219 2572
9220 578
9221 2991
9222 1265
9223 6816
9224 2512
9225 3968
9226 7646
9227 2502
9228 3641
9229 2191
9230 8689
9231 7587
9232 1497
9233 3563
9234 5031
9235 9093
9236 5028
9237 4254
9238 698
9239 9372
9240 2629
9241 2252
9242 825
9243 9224
9244 3058
9245 3608
9246 1743
9247 5917
9248 8214
9249 8389
9250 374
9251 5715
9252 5653
9253 7793
9254 8981
9255 2587
9256 1293
9257 7205
9258 2134
9259 6176
9260 8174
9261 9645
9262 6767
9263 8535
9264 2347
9265 337
9266 8864
9267 133
9268 1698
9269 657
9270 1375
9271 8177
9272 21
9273 4898
9274 8616
9275 96
9276 6840
9277 6597
9278 161
9279 7356
9280 2071
9281 2077
9282 8474
9283 5987
9284 14
9285 6560
9286 1904
9287 4691
9288 2336
9289 8788
9290 1617
9291 1419
9292 3644
9293 9074
9294 4207
9295 348
9296 6731
9297 8893
9298 8262
9299 9512
9300 5577
9301 3891
9302 7553
9303 2742
9304 2982
9305 8751
9306 2031
9307 8699
9308 3566
9309 3315
9310 9856
9311 3159
9312 3737
9313 346
9314 507
9315 8859
9316 9164
9317 9259
9318 1936
9319 6305
9320 6442
9321 1142
9322 9813
9323 9151
9324 6470
9325 9570
9326 7093
9327 1595
9328 9779
9329 5710
9330 7006
9331 2970
9332 7376
9333 4708
9334 6058
9335 4391
9336 2042
9337 704
9338 7639
9339 456
9340 1959
9341 8411
9342 3451
9343 344
9344 935
9345 6093
9346 4575
9347 7460
9348 9248
9349 7486
9350 1060
9351 7854
9352 4119
9353 5523
9354 5894
9355 7499
9356 2958
9357 6504
9358 9283
9359 9295
9360 3124
9361 1758
9362 2586
9363 1307
9364 9487
9365 800
9366 6040
9367 579
9368 4074
9369 8365
9370 6221
9371 1000
9372 8397
9373 3247
9374 8146
9375 4297
9376 3685
9377 6623
9378 6375
9379 9923
9380 404
9381 8194
9382 1795
9383 1316
9384 6996
9385 7121
9386 6465
9387 3335
9388 8402
9389 4710
9390 7050
9391 2973
9392 2558
9393 9439
9394 5668
9395 545
9396 6904
9397 9462
9398 3206
9399 6709
9400 3823
9401 9022
9402 5787
9403 4701
9404 7469
9405 4768
9406 737
9407 7007
9408 1243
9409 6655
9410 2649
9411 82
9412 9968
9413 9407
9414 6385
9415 3448
9416 9470
9417 6778
9418 8790
9419 1081
9420 6423
9421 7010
9422 5649
9423 1945
9424 5891
9425 98
9426 8105
9427 3217
9428 8817
9429 1500
9430 5129
9431 241
9432 2107
9433 4966
9434 2368
9435 1715
9436 4578
9437 8960
9438 2156
9439 8183
9440 6830
9441 5580
9442 8934
9443 5266
9444 6898
9445 4489
9446 1380
9447 8447
9448 707
9449 3851
9450 2172
9451 2143
9452 2631
9453 9197
9454 9659
9455 3708
9456 1372
9457 6180
9458 857
9459 4310
9460 5458
9461 6748
9462 8892
9463 3307
9464 1568
9465 8132
9466 4287
9467 3102
9468 8120
9469 8056
9470 1
9471 4312
9472 6766
9473 728
9474 4120
9475 7029
9476 9323
9477 497
9478 5013
9479 5260
9480 3747
9481 7298
9482 4767
9483 4921
9484 2494
9485 901
9486 187
9487 2293
9488 6481
9489 9668
9490 7318
9491 7125
9492 2647
9493 3981
9494 1673
9495 8656
9496 693
9497 5249
9498 552
9499 8973
9500 9426
9501 7226
9502 9043
9503 5655
9504 5376
9505 4569
9506 9337
9507 9989
9508 2496
9509 7143
9510 948
9511 9348
9512 2752
9513 5222
9514 8357
9515 185
9516 8020
9517 1604
9518 5314
9519 9140
9520 9981
9521 4482
9522 7038
9523 4608
9524 7719
9525 3788
9526 2277
9527 2544
9528 3194
9529 3380
9530 2498
9531 6476
9532 4393
9533 6473
9534 3705
9535 4277
9536 7468
9537 3401
9538 9176
9539 5647
9540 8091
9541 768
9542 9217
9543 3567
9544 9466
9545 610
9546 78
9547 3732
9548 5358
9549 425
9550 8044
9551 6612
9552 6881
9553 6795
9554 424
9555 8991
9556 7067
9557 731
9558 7211
9559 5408
9560 9366
9561 4414
9562 7828
9563 9896
9564 2988
9565 790
9566 7548
9567 7885
9568 5033
9569 7993
9570 5835
9571 9188
9572 1440
9573 3859
9574 9087
9575 2581
9576 1699
9577 523
9578 1091
9579 8294
9580 9444
9581 6516
9582 8802
9583 2168
9584 2361
9585 5771
9586 7856
9587 8473
9588 2722
9589 9347
9590 6875
9591 4285
9592 8374
9593 2112
9594 5778
9595 5111
9596 3462
9597 2053
9598 2358
9599 5056
9600 3670
9601 8039
9602 3722
9603 950
9604 738
9605 3716
9606 8163
9607 9518
9608 7096
9609 9238
9610 7596
9611 5411
9612 5651
9613 2185
9614 4348
9615 9684
9616 3344
9617 741
9618 4344
9619 7799
9620 4097
9621 7049
9622 6258
9623 8322
9624 8648
9625 9747
9626 5807
9627 3839
9628 1969
9629 5820
9630 9339
9631 4913
9632 6201
9633 8809
9634 8452
9635 8204
9636 1061
9637 9710
9638 5380
9639 5248
9640 3144
9641 9139
9642 3094
9643 2228
9644 2078
9645 7454
9646 8942
9647 2594
9648 815
9649 8363
9650 1429
9651 7065
9652 4073
9653 2363
9654 7921
9655 7420
9656 7635
9657 3083
9658 1511
9659 9686
9660 8763
9661 2254
9662 5359
9663 7438
9664 8943
9665 4842
9666 7896
9667 5629
9668 5452
9669 6491
9670 8906
9671 2735
9672 6747
9673 7800
9674 7305
9675 5793
9676 9103
9677 386
9678 5147
9679 1472
9680 7525
9681 9948
9682 9322
9683 7062
9684 1108
9685 1670
9686 1533
9687 6754
9688 7453
9689 1810
9690 7676
9691 6532
9692 8134
9693 3495
9694 9371
9695 804
9696 4525
9697 6204
9698 593
9699 2556
9700 1873
9701 6406
9702 9921
9703 9292
9704 76
9705 7620
9706 275
9707 416
9708 6202
9709 2732
9710 6810
9711 3699
9712 2528
9713 1394
9714 9298
9715 6694
9716 1350
9717 5103
9718 9401
9719 6435
9720 6644
9721 8523
9722 7602
9723 6713
9724 6100
9725 7673
9726 1859
9727 191
9728 7015
9729 914
9730 6416
9731 9717
9732 178
9733 512
9734 5339
9735 8894
9736 8101
9737 1522
9738 9521
9739 3203
9740 5636
9741 8082
9742 4582
9743 3253
9744 151
9745 7775
9746 9740
9747 3336
9748 4889
9749 6549
9750 6784
9751 5457
9752 9260
9753 7823
9754 1554
9755 1822
9756 8064
9757 466
9758 6520
9759 7447
9760 1195
9761 1782
9762 3562
9763 9617
9764 4230
9765 1707
9766 9429
9767 9193
9768 9491
9769 2677
9770 4899
9771 1260
9772 1022
9773 9001
9774 3897
9775 8492
9776 6059
9777 6891
9778 1689
9779 4182
9780 6593
9781 8768
9782 6799
9783 1982
9784 6378
9785 8725
9786 5559
9787 8110
9788 5767
9789 3668
9790 8856
9791 3979
9792 6171
9793 8891
9794 9691
9795 8421
9796 2389
9797 8081
9798 3819
9799 8513
9800 1610
9801 9836
9802 7412
9803 8381
9804 8720
9805 8017
9806 7484
9807 1469
9808 8021
9809 6821
9810 7750
9811 8607
9812 7047
9813 6871
9814 9393
9815 3130
9816 8353
9817 7619
9818 980
9819 2003
9820 9317
9821 461
9822 2271
9823 9316
9824 1010
9825 3618
9826 4533
9827 7428
9828 6143
9829 1333
9830 3727
9831 2343
9832 3749
9833 2630
9834 8569
9835 3025
9836 9733
9837 6642
9838 628
9839 2135
9840 1940
9841 476
9842 2814
9843 6361
9844 7176
9845 3887
9846 5061
9847 9143
9848 4555
9849 2090
9850 9699
9851 5935
9852 8509
9853 3787
9854 6306
9855 6008
9856 1680
9857 9369
9858 8302
9859 1273
9860 2245
9861 5438
9862 4470
9863 5038
9864 8775
9865 819
9866 9648
9867 9397
9868 7754
9869 2465
9870 8265
9871 2995
9872 4301
9873 3502
9874 5341
9875 6210
9876 5466
9877 9633
9878 5403
9879 3403
9880 7873
9881 6184
9882 1941
9883 4083
9884 149
9885 5083
9886 4789
9887 3015
9888 3482
9889 7728
9890 1768
9891 3943
9892 169
9893 5230
9894 1971
9895 1259
9896 7870
9897 345
9898 3218
9899 7380
9900 366
9901 5846
9902 2500
9903 1728
9904 1214
9905 4033
9906 651
9907 2859
9908 2091
9909 2600
9910 2927
9911 7169
9912 5567
9913 7569
9914 5502
9915 8469
9916 5202
9917 2425
9918 8881
9919 8946
9920 5276
9921 5970
9922 4601
9923 3431
9924 4264
9925 2281
9926 9088
9927 7316
9928 7649
9929 7818
9930 8192
9931 310
9932 8651
9933 4380
9934 1702
9935 6571
9936 2775
9937 2592
9938 5772
9939 5966
9940 7120
9941 8400
9942 9790
9943 7609
9944 2308
9945 4971
9946 7726
9947 2459
9948 690
9949 5086
9950 3560
9951 4169
9952 6379
9953 1202
9954 2116
9955 3382
9956 5039
9957 7097
9958 1004
9959 3352
9960 1296
9961 4436
9962 3594
9963 9990
9964 4807
9965 4154
9966 5191
9967 146
9968 7647
9969 641
9970 6326
9971 8410
9972 3152
9973 9986
9974 9449
9975 5532
9976 3031
9977 678
9978 6286
9979 7533
9980 8994
9981 995
9982 5865
9983 9149
9984 1582
9985 5952
9986 9010
9987 4128
9988 8896
9989 6194
9990 7841
9991 560
9992 8065
9993 910
9994 7215
9995 1007
9996 3765
9997 2007
9998 3696
9999 7372
10000 486
