100 10
823 583 200 712 714 40 305 582 52 335 189 754 693 722 615 515 514 345 572 798 166 200 630 702 732 202 101 990 414 398 237 67 493 382 690 711 292 895 754 663 734 370 331 67 802 647 440 309 274 281 720 5 167 614 831 353 954 166 848 503 915 787 693 530 563 344 99 444 656 138 121 339 269 668 178 808 607 730 53 809 308 33 86 98 146 325 179 664 785 666 563 852 402 995 512 313 400 102 57 440 
790 37 132 28 98 224 59 368 656 37 553 44 385 894 525 220 93 226 938 315 12 377 95 329 572 770 836 20 601 780 274 434 921 890 868 370 846 441 401 387 834 785 878 931 545 494 579 49 293 512 312 732 357 827 200 555 25 327 402 313 903 88 804 975 483 595 656 382 996 110 177 787 74 237 535 121 571 952 715 211 337 232 118 299 167 507 652 424 646 90 594 649 165 302 145 834 722 900 222 742 
36 51
96 23
24 80
39 50
84 71
16 28
5 35
81 21
97 34
21 78
